,spanish_men,spanish_women,spanish_total,foreign_men,foreign_women,foreign_total,men_total,women_total,total,district,date,year
Total,50710,53512,104222,15249,12951,28200,65959,66463,132422,CENTRO / TODOS,01-01-2017,2017
0 - 4,1565,1544,3109,465,427,892,2030,1971,4001,CENTRO / TODOS,01-01-2017,2017
5 - 9,1523,1465,2988,305,283,588,1828,1748,3576,CENTRO / TODOS,01-01-2017,2017
10 - 14,1416,1380,2796,241,196,437,1657,1576,3233,CENTRO / TODOS,01-01-2017,2017
15 - 19,1338,1281,2619,330,268,598,1668,1549,3217,CENTRO / TODOS,01-01-2017,2017
20 - 24,1745,1624,3369,1063,1305,2368,2808,2929,5737,CENTRO / TODOS,01-01-2017,2017
25 - 29,3246,3417,6663,2337,2460,4797,5583,5877,11460,CENTRO / TODOS,01-01-2017,2017
30 - 34,4880,4663,9543,2778,2351,5129,7658,7014,14672,CENTRO / TODOS,01-01-2017,2017
35 - 39,5657,4990,10647,2509,1749,4258,8166,6739,14905,CENTRO / TODOS,01-01-2017,2017
40 - 44,5502,4686,10188,1794,1151,2945,7296,5837,13133,CENTRO / TODOS,01-01-2017,2017
45 - 49,4879,4056,8935,1315,861,2176,6194,4917,11111,CENTRO / TODOS,01-01-2017,2017
50 - 54,4383,4161,8544,867,612,1479,5250,4773,10023,CENTRO / TODOS,01-01-2017,2017
55 - 59,3731,3959,7690,532,454,986,4263,4413,8676,CENTRO / TODOS,01-01-2017,2017
60 - 64,2945,3301,6246,347,348,695,3292,3649,6941,CENTRO / TODOS,01-01-2017,2017
65 - 69,2334,2818,5152,171,220,391,2505,3038,5543,CENTRO / TODOS,01-01-2017,2017
70 - 74,1857,2521,4378,104,127,231,1961,2648,4609,CENTRO / TODOS,01-01-2017,2017
75 - 79,1343,2118,3461,48,61,109,1391,2179,3570,CENTRO / TODOS,01-01-2017,2017
80 - 84,1149,2248,3397,27,45,72,1176,2293,3469,CENTRO / TODOS,01-01-2017,2017
85 - 89,849,1908,2757,13,17,30,862,1925,2787,CENTRO / TODOS,01-01-2017,2017
90 - 94,285,1010,1295,2,14,16,287,1024,1311,CENTRO / TODOS,01-01-2017,2017
95 - 99,70,303,373,0,2,2,70,305,375,CENTRO / TODOS,01-01-2017,2017
100 o más,13,59,72,1,0,1,14,59,73,CENTRO / TODOS,01-01-2017,2017
Total,63950,74072,138022,6776,7539,14315,70726,81611,152337,ARGANZUELA / TODOS,01-01-2017,2017
0 - 4,3143,2868,6011,323,289,612,3466,3157,6623,ARGANZUELA / TODOS,01-01-2017,2017
5 - 9,2818,2946,5764,192,179,371,3010,3125,6135,ARGANZUELA / TODOS,01-01-2017,2017
10 - 14,2793,2760,5553,179,169,348,2972,2929,5901,ARGANZUELA / TODOS,01-01-2017,2017
15 - 19,2808,2588,5396,203,233,436,3011,2821,5832,ARGANZUELA / TODOS,01-01-2017,2017
20 - 24,2762,2717,5479,440,559,999,3202,3276,6478,ARGANZUELA / TODOS,01-01-2017,2017
25 - 29,3530,3619,7149,773,1109,1882,4303,4728,9031,ARGANZUELA / TODOS,01-01-2017,2017
30 - 34,4881,5039,9920,1093,1261,2354,5974,6300,12274,ARGANZUELA / TODOS,01-01-2017,2017
35 - 39,5733,5840,11573,1133,1101,2234,6866,6941,13807,ARGANZUELA / TODOS,01-01-2017,2017
40 - 44,5371,5815,11186,816,743,1559,6187,6558,12745,ARGANZUELA / TODOS,01-01-2017,2017
45 - 49,5175,5638,10813,614,587,1201,5789,6225,12014,ARGANZUELA / TODOS,01-01-2017,2017
50 - 54,5396,6004,11400,411,462,873,5807,6466,12273,ARGANZUELA / TODOS,01-01-2017,2017
55 - 59,4757,5824,10581,266,330,596,5023,6154,11177,ARGANZUELA / TODOS,01-01-2017,2017
60 - 64,4000,4984,8984,159,231,390,4159,5215,9374,ARGANZUELA / TODOS,01-01-2017,2017
65 - 69,3313,4251,7564,72,141,213,3385,4392,7777,ARGANZUELA / TODOS,01-01-2017,2017
70 - 74,2492,3424,5916,50,67,117,2542,3491,6033,ARGANZUELA / TODOS,01-01-2017,2017
75 - 79,1754,2761,4515,23,31,54,1777,2792,4569,ARGANZUELA / TODOS,01-01-2017,2017
80 - 84,1623,3021,4644,15,26,41,1638,3047,4685,ARGANZUELA / TODOS,01-01-2017,2017
85 - 89,1064,2300,3364,7,11,18,1071,2311,3382,ARGANZUELA / TODOS,01-01-2017,2017
90 - 94,437,1216,1653,4,7,11,441,1223,1664,ARGANZUELA / TODOS,01-01-2017,2017
95 - 99,90,401,491,2,3,5,92,404,496,ARGANZUELA / TODOS,01-01-2017,2017
100 o más,10,56,66,1,0,1,11,56,67,ARGANZUELA / TODOS,01-01-2017,2017
Total,50423,60368,110791,3382,4671,8053,53805,65039,118844,RETIRO / TODOS,01-01-2017,2017
0 - 4,2325,2273,4598,134,143,277,2459,2416,4875,RETIRO / TODOS,01-01-2017,2017
5 - 9,2209,2176,4385,115,119,234,2324,2295,4619,RETIRO / TODOS,01-01-2017,2017
10 - 14,2156,2106,4262,85,82,167,2241,2188,4429,RETIRO / TODOS,01-01-2017,2017
15 - 19,2125,2056,4181,93,103,196,2218,2159,4377,RETIRO / TODOS,01-01-2017,2017
20 - 24,2274,2286,4560,220,332,552,2494,2618,5112,RETIRO / TODOS,01-01-2017,2017
25 - 29,2713,2741,5454,443,722,1165,3156,3463,6619,RETIRO / TODOS,01-01-2017,2017
30 - 34,3309,3428,6737,505,730,1235,3814,4158,7972,RETIRO / TODOS,01-01-2017,2017
35 - 39,3787,3873,7660,473,605,1078,4260,4478,8738,RETIRO / TODOS,01-01-2017,2017
40 - 44,4003,4122,8125,385,467,852,4388,4589,8977,RETIRO / TODOS,01-01-2017,2017
45 - 49,3571,3914,7485,307,400,707,3878,4314,8192,RETIRO / TODOS,01-01-2017,2017
50 - 54,3722,4240,7962,208,305,513,3930,4545,8475,RETIRO / TODOS,01-01-2017,2017
55 - 59,3478,4421,7899,144,234,378,3622,4655,8277,RETIRO / TODOS,01-01-2017,2017
60 - 64,3284,4521,7805,80,160,240,3364,4681,8045,RETIRO / TODOS,01-01-2017,2017
65 - 69,3181,4315,7496,56,108,164,3237,4423,7660,RETIRO / TODOS,01-01-2017,2017
70 - 74,2824,3842,6666,52,68,120,2876,3910,6786,RETIRO / TODOS,01-01-2017,2017
75 - 79,2026,3033,5059,43,48,91,2069,3081,5150,RETIRO / TODOS,01-01-2017,2017
80 - 84,1769,2930,4699,23,19,42,1792,2949,4741,RETIRO / TODOS,01-01-2017,2017
85 - 89,1078,2365,3443,10,13,23,1088,2378,3466,RETIRO / TODOS,01-01-2017,2017
90 - 94,485,1263,1748,6,10,16,491,1273,1764,RETIRO / TODOS,01-01-2017,2017
95 - 99,97,385,482,0,2,2,97,387,484,RETIRO / TODOS,01-01-2017,2017
100 o más,7,78,85,0,1,1,7,79,86,RETIRO / TODOS,01-01-2017,2017
Total,56200,70898,127098,7239,9912,17151,63439,80810,144249,SALAMANCA / TODOS,01-01-2017,2017
0 - 4,2499,2527,5026,300,290,590,2799,2817,5616,SALAMANCA / TODOS,01-01-2017,2017
5 - 9,2387,2309,4696,180,163,343,2567,2472,5039,SALAMANCA / TODOS,01-01-2017,2017
10 - 14,2265,2284,4549,156,163,319,2421,2447,4868,SALAMANCA / TODOS,01-01-2017,2017
15 - 19,2308,2301,4609,247,236,483,2555,2537,5092,SALAMANCA / TODOS,01-01-2017,2017
20 - 24,2625,2609,5234,614,841,1455,3239,3450,6689,SALAMANCA / TODOS,01-01-2017,2017
25 - 29,3467,3868,7335,1185,1990,3175,4652,5858,10510,SALAMANCA / TODOS,01-01-2017,2017
30 - 34,4120,4538,8658,1285,1706,2991,5405,6244,11649,SALAMANCA / TODOS,01-01-2017,2017
35 - 39,4404,4625,9029,913,1144,2057,5317,5769,11086,SALAMANCA / TODOS,01-01-2017,2017
40 - 44,4176,4684,8860,654,844,1498,4830,5528,10358,SALAMANCA / TODOS,01-01-2017,2017
45 - 49,3899,4593,8492,471,680,1151,4370,5273,9643,SALAMANCA / TODOS,01-01-2017,2017
50 - 54,4231,5158,9389,404,562,966,4635,5720,10355,SALAMANCA / TODOS,01-01-2017,2017
55 - 59,3994,5065,9059,270,436,706,4264,5501,9765,SALAMANCA / TODOS,01-01-2017,2017
60 - 64,3572,4732,8304,184,353,537,3756,5085,8841,SALAMANCA / TODOS,01-01-2017,2017
65 - 69,3272,4608,7880,125,219,344,3397,4827,8224,SALAMANCA / TODOS,01-01-2017,2017
70 - 74,2863,4241,7104,95,118,213,2958,4359,7317,SALAMANCA / TODOS,01-01-2017,2017
75 - 79,2037,3524,5561,76,78,154,2113,3602,5715,SALAMANCA / TODOS,01-01-2017,2017
80 - 84,1977,3859,5836,46,41,87,2023,3900,5923,SALAMANCA / TODOS,01-01-2017,2017
85 - 89,1376,2987,4363,23,23,46,1399,3010,4409,SALAMANCA / TODOS,01-01-2017,2017
90 - 94,562,1744,2306,8,12,20,570,1756,2326,SALAMANCA / TODOS,01-01-2017,2017
95 - 99,135,520,655,3,9,12,138,529,667,SALAMANCA / TODOS,01-01-2017,2017
100 o más,31,122,153,0,4,4,31,126,157,SALAMANCA / TODOS,01-01-2017,2017
Total,59449,71600,131049,5125,7642,12767,64574,79242,143816,CHAMARTIN / TODOS,01-01-2017,2017
0 - 4,3131,2999,6130,254,232,486,3385,3231,6616,CHAMARTIN / TODOS,01-01-2017,2017
5 - 9,2967,2965,5932,166,158,324,3133,3123,6256,CHAMARTIN / TODOS,01-01-2017,2017
10 - 14,2727,2673,5400,141,144,285,2868,2817,5685,CHAMARTIN / TODOS,01-01-2017,2017
15 - 19,2614,2587,5201,157,212,369,2771,2799,5570,CHAMARTIN / TODOS,01-01-2017,2017
20 - 24,2967,2817,5784,306,474,780,3273,3291,6564,CHAMARTIN / TODOS,01-01-2017,2017
25 - 29,3500,3491,6991,607,1096,1703,4107,4587,8694,CHAMARTIN / TODOS,01-01-2017,2017
30 - 34,4247,4360,8607,761,1237,1998,5008,5597,10605,CHAMARTIN / TODOS,01-01-2017,2017
35 - 39,4480,4722,9202,668,978,1646,5148,5700,10848,CHAMARTIN / TODOS,01-01-2017,2017
40 - 44,4491,4980,9471,549,743,1292,5040,5723,10763,CHAMARTIN / TODOS,01-01-2017,2017
45 - 49,4274,4791,9065,454,650,1104,4728,5441,10169,CHAMARTIN / TODOS,01-01-2017,2017
50 - 54,4239,5098,9337,338,537,875,4577,5635,10212,CHAMARTIN / TODOS,01-01-2017,2017
55 - 59,4007,5122,9129,231,394,625,4238,5516,9754,CHAMARTIN / TODOS,01-01-2017,2017
60 - 64,3531,4650,8181,153,265,418,3684,4915,8599,CHAMARTIN / TODOS,01-01-2017,2017
65 - 69,3278,4440,7718,95,176,271,3373,4616,7989,CHAMARTIN / TODOS,01-01-2017,2017
70 - 74,2884,4251,7135,73,127,200,2957,4378,7335,CHAMARTIN / TODOS,01-01-2017,2017
75 - 79,2132,3451,5583,80,93,173,2212,3544,5756,CHAMARTIN / TODOS,01-01-2017,2017
80 - 84,1968,3496,5464,43,58,101,2011,3554,5565,CHAMARTIN / TODOS,01-01-2017,2017
85 - 89,1283,2688,3971,30,37,67,1313,2725,4038,CHAMARTIN / TODOS,01-01-2017,2017
90 - 94,593,1502,2095,12,22,34,605,1524,2129,CHAMARTIN / TODOS,01-01-2017,2017
95 - 99,119,428,547,5,9,14,124,437,561,CHAMARTIN / TODOS,01-01-2017,2017
100 o más,17,89,106,2,0,2,19,89,108,CHAMARTIN / TODOS,01-01-2017,2017
Total,58177,69302,127479,11689,15054,26743,69866,84356,154222,TETUAN / TODOS,01-01-2017,2017
0 - 4,2582,2477,5059,605,593,1198,3187,3070,6257,TETUAN / TODOS,01-01-2017,2017
5 - 9,2613,2372,4985,444,372,816,3057,2744,5801,TETUAN / TODOS,01-01-2017,2017
10 - 14,2344,2300,4644,385,359,744,2729,2659,5388,TETUAN / TODOS,01-01-2017,2017
15 - 19,2393,2298,4691,476,540,1016,2869,2838,5707,TETUAN / TODOS,01-01-2017,2017
20 - 24,2734,2562,5296,889,1271,2160,3623,3833,7456,TETUAN / TODOS,01-01-2017,2017
25 - 29,3827,3982,7809,1408,2134,3542,5235,6116,11351,TETUAN / TODOS,01-01-2017,2017
30 - 34,4895,4825,9720,1741,2582,4323,6636,7407,14043,TETUAN / TODOS,01-01-2017,2017
35 - 39,4972,4973,9945,1717,2066,3783,6689,7039,13728,TETUAN / TODOS,01-01-2017,2017
40 - 44,4699,5070,9769,1327,1503,2830,6026,6573,12599,TETUAN / TODOS,01-01-2017,2017
45 - 49,4405,4878,9283,991,1206,2197,5396,6084,11480,TETUAN / TODOS,01-01-2017,2017
50 - 54,4330,5401,9731,687,849,1536,5017,6250,11267,TETUAN / TODOS,01-01-2017,2017
55 - 59,4054,4972,9026,426,616,1042,4480,5588,10068,TETUAN / TODOS,01-01-2017,2017
60 - 64,3276,4360,7636,272,410,682,3548,4770,8318,TETUAN / TODOS,01-01-2017,2017
65 - 69,2750,3887,6637,151,230,381,2901,4117,7018,TETUAN / TODOS,01-01-2017,2017
70 - 74,2402,3631,6033,78,145,223,2480,3776,6256,TETUAN / TODOS,01-01-2017,2017
75 - 79,1909,3070,4979,44,91,135,1953,3161,5114,TETUAN / TODOS,01-01-2017,2017
80 - 84,1953,3593,5546,29,45,74,1982,3638,5620,TETUAN / TODOS,01-01-2017,2017
85 - 89,1353,2791,4144,11,31,42,1364,2822,4186,TETUAN / TODOS,01-01-2017,2017
90 - 94,568,1421,1989,6,7,13,574,1428,2002,TETUAN / TODOS,01-01-2017,2017
95 - 99,110,389,499,2,4,6,112,393,505,TETUAN / TODOS,01-01-2017,2017
100 o más,8,50,58,0,0,0,8,50,58,TETUAN / TODOS,01-01-2017,2017
Total,54268,69286,123554,6163,8226,14389,60431,77512,137943,CHAMBERI / TODOS,01-01-2017,2017
0 - 4,2361,2249,4610,231,240,471,2592,2489,5081,CHAMBERI / TODOS,01-01-2017,2017
5 - 9,2173,2170,4343,188,180,368,2361,2350,4711,CHAMBERI / TODOS,01-01-2017,2017
10 - 14,2146,2050,4196,157,148,305,2303,2198,4501,CHAMBERI / TODOS,01-01-2017,2017
15 - 19,2097,2118,4215,212,215,427,2309,2333,4642,CHAMBERI / TODOS,01-01-2017,2017
20 - 24,2528,2536,5064,483,781,1264,3011,3317,6328,CHAMBERI / TODOS,01-01-2017,2017
25 - 29,3760,4104,7864,927,1435,2362,4687,5539,10226,CHAMBERI / TODOS,01-01-2017,2017
30 - 34,4367,4877,9244,1004,1334,2338,5371,6211,11582,CHAMBERI / TODOS,01-01-2017,2017
35 - 39,4404,4595,8999,878,1005,1883,5282,5600,10882,CHAMBERI / TODOS,01-01-2017,2017
40 - 44,4211,4544,8755,599,751,1350,4810,5295,10105,CHAMBERI / TODOS,01-01-2017,2017
45 - 49,3711,4252,7963,451,580,1031,4162,4832,8994,CHAMBERI / TODOS,01-01-2017,2017
50 - 54,3772,4726,8498,371,485,856,4143,5211,9354,CHAMBERI / TODOS,01-01-2017,2017
55 - 59,3664,4889,8553,248,386,634,3912,5275,9187,CHAMBERI / TODOS,01-01-2017,2017
60 - 64,3441,4837,8278,162,289,451,3603,5126,8729,CHAMBERI / TODOS,01-01-2017,2017
65 - 69,3189,4490,7679,101,161,262,3290,4651,7941,CHAMBERI / TODOS,01-01-2017,2017
70 - 74,2778,4265,7043,65,102,167,2843,4367,7210,CHAMBERI / TODOS,01-01-2017,2017
75 - 79,1928,3375,5303,36,50,86,1964,3425,5389,CHAMBERI / TODOS,01-01-2017,2017
80 - 84,1784,3661,5445,27,35,62,1811,3696,5507,CHAMBERI / TODOS,01-01-2017,2017
85 - 89,1243,3057,4300,10,33,43,1253,3090,4343,CHAMBERI / TODOS,01-01-2017,2017
90 - 94,566,1791,2357,9,13,22,575,1804,2379,CHAMBERI / TODOS,01-01-2017,2017
95 - 99,123,557,680,2,2,4,125,559,684,CHAMBERI / TODOS,01-01-2017,2017
100 o más,22,143,165,2,1,3,24,144,168,CHAMBERI / TODOS,01-01-2017,2017
Total,104980,116443,221423,7742,10060,17802,112722,126503,239225,FUENCARRAL-EL PARDO / TODOS,01-01-2017,2017
0 - 4,6886,6520,13406,506,457,963,7392,6977,14369,FUENCARRAL-EL PARDO / TODOS,01-01-2017,2017
5 - 9,7080,6663,13743,402,339,741,7482,7002,14484,FUENCARRAL-EL PARDO / TODOS,01-01-2017,2017
10 - 14,5434,5230,10664,315,321,636,5749,5551,11300,FUENCARRAL-EL PARDO / TODOS,01-01-2017,2017
15 - 19,4662,4498,9160,311,352,663,4973,4850,9823,FUENCARRAL-EL PARDO / TODOS,01-01-2017,2017
20 - 24,4621,4473,9094,523,685,1208,5144,5158,10302,FUENCARRAL-EL PARDO / TODOS,01-01-2017,2017
25 - 29,5251,5005,10256,723,1129,1852,5974,6134,12108,FUENCARRAL-EL PARDO / TODOS,01-01-2017,2017
30 - 34,6540,6617,13157,1013,1571,2584,7553,8188,15741,FUENCARRAL-EL PARDO / TODOS,01-01-2017,2017
35 - 39,8439,8897,17336,1167,1521,2688,9606,10418,20024,FUENCARRAL-EL PARDO / TODOS,01-01-2017,2017
40 - 44,9552,10072,19624,952,1069,2021,10504,11141,21645,FUENCARRAL-EL PARDO / TODOS,01-01-2017,2017
45 - 49,7721,8012,15733,606,756,1362,8327,8768,17095,FUENCARRAL-EL PARDO / TODOS,01-01-2017,2017
50 - 54,6761,7646,14407,432,605,1037,7193,8251,15444,FUENCARRAL-EL PARDO / TODOS,01-01-2017,2017
55 - 59,6162,7412,13574,287,418,705,6449,7830,14279,FUENCARRAL-EL PARDO / TODOS,01-01-2017,2017
60 - 64,5412,7105,12517,194,330,524,5606,7435,13041,FUENCARRAL-EL PARDO / TODOS,01-01-2017,2017
65 - 69,5810,7473,13283,118,206,324,5928,7679,13607,FUENCARRAL-EL PARDO / TODOS,01-01-2017,2017
70 - 74,5543,6720,12263,70,134,204,5613,6854,12467,FUENCARRAL-EL PARDO / TODOS,01-01-2017,2017
75 - 79,3790,4860,8650,68,84,152,3858,4944,8802,FUENCARRAL-EL PARDO / TODOS,01-01-2017,2017
80 - 84,2970,4402,7372,31,45,76,3001,4447,7448,FUENCARRAL-EL PARDO / TODOS,01-01-2017,2017
85 - 89,1622,2909,4531,16,23,39,1638,2932,4570,FUENCARRAL-EL PARDO / TODOS,01-01-2017,2017
90 - 94,601,1471,2072,6,13,19,607,1484,2091,FUENCARRAL-EL PARDO / TODOS,01-01-2017,2017
95 - 99,107,382,489,1,1,2,108,383,491,FUENCARRAL-EL PARDO / TODOS,01-01-2017,2017
100 o más,16,76,92,1,1,2,17,77,94,FUENCARRAL-EL PARDO / TODOS,01-01-2017,2017
Total,49109,56626,105735,4833,6742,11575,53942,63368,117310,MONCLOA-ARAVACA / TODOS,01-01-2017,2017
0 - 4,2295,2236,4531,232,190,422,2527,2426,4953,MONCLOA-ARAVACA / TODOS,01-01-2017,2017
5 - 9,2584,2447,5031,196,182,378,2780,2629,5409,MONCLOA-ARAVACA / TODOS,01-01-2017,2017
10 - 14,2855,2641,5496,155,140,295,3010,2781,5791,MONCLOA-ARAVACA / TODOS,01-01-2017,2017
15 - 19,2550,2640,5190,202,203,405,2752,2843,5595,MONCLOA-ARAVACA / TODOS,01-01-2017,2017
20 - 24,2562,2527,5089,440,767,1207,3002,3294,6296,MONCLOA-ARAVACA / TODOS,01-01-2017,2017
25 - 29,2539,2572,5111,608,982,1590,3147,3554,6701,MONCLOA-ARAVACA / TODOS,01-01-2017,2017
30 - 34,2938,2903,5841,627,905,1532,3565,3808,7373,MONCLOA-ARAVACA / TODOS,01-01-2017,2017
35 - 39,3287,3436,6723,619,835,1454,3906,4271,8177,MONCLOA-ARAVACA / TODOS,01-01-2017,2017
40 - 44,3583,3890,7473,506,673,1179,4089,4563,8652,MONCLOA-ARAVACA / TODOS,01-01-2017,2017
45 - 49,3684,4005,7689,405,573,978,4089,4578,8667,MONCLOA-ARAVACA / TODOS,01-01-2017,2017
50 - 54,3939,4334,8273,305,451,756,4244,4785,9029,MONCLOA-ARAVACA / TODOS,01-01-2017,2017
55 - 59,3536,4082,7618,210,323,533,3746,4405,8151,MONCLOA-ARAVACA / TODOS,01-01-2017,2017
60 - 64,2892,3691,6583,134,216,350,3026,3907,6933,MONCLOA-ARAVACA / TODOS,01-01-2017,2017
65 - 69,2770,3504,6274,76,133,209,2846,3637,6483,MONCLOA-ARAVACA / TODOS,01-01-2017,2017
70 - 74,2383,3141,5524,53,70,123,2436,3211,5647,MONCLOA-ARAVACA / TODOS,01-01-2017,2017
75 - 79,1729,2531,4260,33,44,77,1762,2575,4337,MONCLOA-ARAVACA / TODOS,01-01-2017,2017
80 - 84,1565,2619,4184,17,26,43,1582,2645,4227,MONCLOA-ARAVACA / TODOS,01-01-2017,2017
85 - 89,938,1975,2913,13,17,30,951,1992,2943,MONCLOA-ARAVACA / TODOS,01-01-2017,2017
90 - 94,373,1077,1450,2,7,9,375,1084,1459,MONCLOA-ARAVACA / TODOS,01-01-2017,2017
95 - 99,87,312,399,0,1,1,87,313,400,MONCLOA-ARAVACA / TODOS,01-01-2017,2017
100 o más,20,63,83,0,4,4,20,67,87,MONCLOA-ARAVACA / TODOS,01-01-2017,2017
Total,94244,108496,202740,14660,17086,31746,108904,125582,234486,LATINA / TODOS,01-01-2017,2017
0 - 4,3666,3552,7218,846,784,1630,4512,4336,8848,LATINA / TODOS,01-01-2017,2017
5 - 9,4229,4075,8304,677,550,1227,4906,4625,9531,LATINA / TODOS,01-01-2017,2017
10 - 14,4173,4054,8227,516,509,1025,4689,4563,9252,LATINA / TODOS,01-01-2017,2017
15 - 19,4154,3903,8057,718,717,1435,4872,4620,9492,LATINA / TODOS,01-01-2017,2017
20 - 24,4234,4102,8336,1128,1531,2659,5362,5633,10995,LATINA / TODOS,01-01-2017,2017
25 - 29,4618,4621,9239,1548,2196,3744,6166,6817,12983,LATINA / TODOS,01-01-2017,2017
30 - 34,5314,5190,10504,1956,2506,4462,7270,7696,14966,LATINA / TODOS,01-01-2017,2017
35 - 39,6495,6560,13055,2077,2178,4255,8572,8738,17310,LATINA / TODOS,01-01-2017,2017
40 - 44,7414,7637,15051,1764,1713,3477,9178,9350,18528,LATINA / TODOS,01-01-2017,2017
45 - 49,7672,8117,15789,1321,1435,2756,8993,9552,18545,LATINA / TODOS,01-01-2017,2017
50 - 54,7199,8216,15415,875,1074,1949,8074,9290,17364,LATINA / TODOS,01-01-2017,2017
55 - 59,6396,7284,13680,561,868,1429,6957,8152,15109,LATINA / TODOS,01-01-2017,2017
60 - 64,5144,6149,11293,368,484,852,5512,6633,12145,LATINA / TODOS,01-01-2017,2017
65 - 69,4733,6760,11493,153,251,404,4886,7011,11897,LATINA / TODOS,01-01-2017,2017
70 - 74,5588,8483,14071,75,125,200,5663,8608,14271,LATINA / TODOS,01-01-2017,2017
75 - 79,5461,7090,12551,46,84,130,5507,7174,12681,LATINA / TODOS,01-01-2017,2017
80 - 84,4388,6318,10706,14,55,69,4402,6373,10775,LATINA / TODOS,01-01-2017,2017
85 - 89,2405,4052,6457,12,17,29,2417,4069,6486,LATINA / TODOS,01-01-2017,2017
90 - 94,787,1777,2564,5,6,11,792,1783,2575,LATINA / TODOS,01-01-2017,2017
95 - 99,148,472,620,0,2,2,148,474,622,LATINA / TODOS,01-01-2017,2017
100 o más,26,84,110,0,1,1,26,85,111,LATINA / TODOS,01-01-2017,2017
Total,94401,109512,203913,19443,21353,40796,113844,130865,244709,CARABANCHEL / TODOS,01-01-2017,2017
0 - 4,4577,4315,8892,1132,1060,2192,5709,5375,11084,CARABANCHEL / TODOS,01-01-2017,2017
5 - 9,5548,5223,10771,817,839,1656,6365,6062,12427,CARABANCHEL / TODOS,01-01-2017,2017
10 - 14,5066,4901,9967,710,708,1418,5776,5609,11385,CARABANCHEL / TODOS,01-01-2017,2017
15 - 19,4333,4248,8581,971,914,1885,5304,5162,10466,CARABANCHEL / TODOS,01-01-2017,2017
20 - 24,4584,4526,9110,1431,1736,3167,6015,6262,12277,CARABANCHEL / TODOS,01-01-2017,2017
25 - 29,4713,4611,9324,2043,2586,4629,6756,7197,13953,CARABANCHEL / TODOS,01-01-2017,2017
30 - 34,5040,5376,10416,2697,3047,5744,7737,8423,16160,CARABANCHEL / TODOS,01-01-2017,2017
35 - 39,6596,7519,14115,2807,2888,5695,9403,10407,19810,CARABANCHEL / TODOS,01-01-2017,2017
40 - 44,8634,9318,17952,2325,2273,4598,10959,11591,22550,CARABANCHEL / TODOS,01-01-2017,2017
45 - 49,8319,8736,17055,1836,1830,3666,10155,10566,20721,CARABANCHEL / TODOS,01-01-2017,2017
50 - 54,7453,8374,15827,1141,1325,2466,8594,9699,18293,CARABANCHEL / TODOS,01-01-2017,2017
55 - 59,6207,7193,13400,764,944,1708,6971,8137,15108,CARABANCHEL / TODOS,01-01-2017,2017
60 - 64,4787,5913,10700,402,570,972,5189,6483,11672,CARABANCHEL / TODOS,01-01-2017,2017
65 - 69,4345,5850,10195,191,300,491,4536,6150,10686,CARABANCHEL / TODOS,01-01-2017,2017
70 - 74,4193,6016,10209,88,149,237,4281,6165,10446,CARABANCHEL / TODOS,01-01-2017,2017
75 - 79,3601,5455,9056,48,101,149,3649,5556,9205,CARABANCHEL / TODOS,01-01-2017,2017
80 - 84,3517,5684,9201,23,46,69,3540,5730,9270,CARABANCHEL / TODOS,01-01-2017,2017
85 - 89,1995,3967,5962,9,27,36,2004,3994,5998,CARABANCHEL / TODOS,01-01-2017,2017
90 - 94,737,1758,2495,6,8,14,743,1766,2509,CARABANCHEL / TODOS,01-01-2017,2017
95 - 99,141,456,597,0,2,2,141,458,599,CARABANCHEL / TODOS,01-01-2017,2017
100 o más,15,73,88,2,0,2,17,73,90,CARABANCHEL / TODOS,01-01-2017,2017
Total,50952,58227,109179,12776,13234,26010,63728,71461,135189,USERA / TODOS,01-01-2017,2017
0 - 4,2384,2303,4687,836,760,1596,3220,3063,6283,USERA / TODOS,01-01-2017,2017
5 - 9,3060,2910,5970,558,545,1103,3618,3455,7073,USERA / TODOS,01-01-2017,2017
10 - 14,3078,2937,6015,480,440,920,3558,3377,6935,USERA / TODOS,01-01-2017,2017
15 - 19,2790,2624,5414,655,586,1241,3445,3210,6655,USERA / TODOS,01-01-2017,2017
20 - 24,2600,2500,5100,986,1008,1994,3586,3508,7094,USERA / TODOS,01-01-2017,2017
25 - 29,2502,2565,5067,1261,1591,2852,3763,4156,7919,USERA / TODOS,01-01-2017,2017
30 - 34,2660,2760,5420,1658,1816,3474,4318,4576,8894,USERA / TODOS,01-01-2017,2017
35 - 39,3456,3856,7312,1747,1764,3511,5203,5620,10823,USERA / TODOS,01-01-2017,2017
40 - 44,4489,4907,9396,1620,1505,3125,6109,6412,12521,USERA / TODOS,01-01-2017,2017
45 - 49,4492,4786,9278,1303,1220,2523,5795,6006,11801,USERA / TODOS,01-01-2017,2017
50 - 54,4182,4624,8806,788,820,1608,4970,5444,10414,USERA / TODOS,01-01-2017,2017
55 - 59,3596,3888,7484,456,525,981,4052,4413,8465,USERA / TODOS,01-01-2017,2017
60 - 64,2646,3106,5752,207,285,492,2853,3391,6244,USERA / TODOS,01-01-2017,2017
65 - 69,2145,2748,4893,102,170,272,2247,2918,5165,USERA / TODOS,01-01-2017,2017
70 - 74,1914,2681,4595,61,91,152,1975,2772,4747,USERA / TODOS,01-01-2017,2017
75 - 79,1563,2559,4122,36,54,90,1599,2613,4212,USERA / TODOS,01-01-2017,2017
80 - 84,1802,3123,4925,12,33,45,1814,3156,4970,USERA / TODOS,01-01-2017,2017
85 - 89,1143,2189,3332,10,16,26,1153,2205,3358,USERA / TODOS,01-01-2017,2017
90 - 94,381,920,1301,0,2,2,381,922,1303,USERA / TODOS,01-01-2017,2017
95 - 99,63,215,278,0,2,2,63,217,280,USERA / TODOS,01-01-2017,2017
100 o más,6,26,32,0,1,1,6,27,33,USERA / TODOS,01-01-2017,2017
Total,91475,102364,193839,16751,17659,34410,108226,120023,228249,PUENTE DE VALLECAS / TODOS,01-01-2017,2017
0 - 4,3863,3654,7517,1078,1023,2101,4941,4677,9618,PUENTE DE VALLECAS / TODOS,01-01-2017,2017
5 - 9,4649,4248,8897,764,674,1438,5413,4922,10335,PUENTE DE VALLECAS / TODOS,01-01-2017,2017
10 - 14,4672,4417,9089,629,588,1217,5301,5005,10306,PUENTE DE VALLECAS / TODOS,01-01-2017,2017
15 - 19,4884,4639,9523,840,838,1678,5724,5477,11201,PUENTE DE VALLECAS / TODOS,01-01-2017,2017
20 - 24,5195,5019,10214,1267,1453,2720,6462,6472,12934,PUENTE DE VALLECAS / TODOS,01-01-2017,2017
25 - 29,5465,5186,10651,1751,2096,3847,7216,7282,14498,PUENTE DE VALLECAS / TODOS,01-01-2017,2017
30 - 34,5492,5432,10924,2241,2565,4806,7733,7997,15730,PUENTE DE VALLECAS / TODOS,01-01-2017,2017
35 - 39,6184,6360,12544,2444,2373,4817,8628,8733,17361,PUENTE DE VALLECAS / TODOS,01-01-2017,2017
40 - 44,6892,7122,14014,2065,1913,3978,8957,9035,17992,PUENTE DE VALLECAS / TODOS,01-01-2017,2017
45 - 49,7346,8011,15357,1522,1465,2987,8868,9476,18344,PUENTE DE VALLECAS / TODOS,01-01-2017,2017
50 - 54,8088,9135,17223,945,1032,1977,9033,10167,19200,PUENTE DE VALLECAS / TODOS,01-01-2017,2017
55 - 59,7316,8112,15428,593,682,1275,7909,8794,16703,PUENTE DE VALLECAS / TODOS,01-01-2017,2017
60 - 64,5165,5832,10997,313,435,748,5478,6267,11745,PUENTE DE VALLECAS / TODOS,01-01-2017,2017
65 - 69,4034,4945,8979,129,251,380,4163,5196,9359,PUENTE DE VALLECAS / TODOS,01-01-2017,2017
70 - 74,3463,4685,8148,96,124,220,3559,4809,8368,PUENTE DE VALLECAS / TODOS,01-01-2017,2017
75 - 79,2957,4721,7678,40,73,113,2997,4794,7791,PUENTE DE VALLECAS / TODOS,01-01-2017,2017
80 - 84,3140,5261,8401,24,53,77,3164,5314,8478,PUENTE DE VALLECAS / TODOS,01-01-2017,2017
85 - 89,1911,3724,5635,8,18,26,1919,3742,5661,PUENTE DE VALLECAS / TODOS,01-01-2017,2017
90 - 94,652,1498,2150,2,1,3,654,1499,2153,PUENTE DE VALLECAS / TODOS,01-01-2017,2017
95 - 99,99,310,409,0,1,1,99,311,410,PUENTE DE VALLECAS / TODOS,01-01-2017,2017
100 o más,8,53,61,0,1,1,8,54,62,PUENTE DE VALLECAS / TODOS,01-01-2017,2017
Total,39964,46964,86928,3415,4152,7567,43379,51116,94495,MORATALAZ / TODOS,01-01-2017,2017
0 - 4,1433,1361,2794,165,171,336,1598,1532,3130,MORATALAZ / TODOS,01-01-2017,2017
5 - 9,1737,1580,3317,157,146,303,1894,1726,3620,MORATALAZ / TODOS,01-01-2017,2017
10 - 14,1877,1882,3759,125,116,241,2002,1998,4000,MORATALAZ / TODOS,01-01-2017,2017
15 - 19,2090,2023,4113,248,180,428,2338,2203,4541,MORATALAZ / TODOS,01-01-2017,2017
20 - 24,2252,2130,4382,326,386,712,2578,2516,5094,MORATALAZ / TODOS,01-01-2017,2017
25 - 29,2075,2010,4085,368,459,827,2443,2469,4912,MORATALAZ / TODOS,01-01-2017,2017
30 - 34,2082,2015,4097,433,597,1030,2515,2612,5127,MORATALAZ / TODOS,01-01-2017,2017
35 - 39,2314,2400,4714,446,527,973,2760,2927,5687,MORATALAZ / TODOS,01-01-2017,2017
40 - 44,2614,2871,5485,359,432,791,2973,3303,6276,MORATALAZ / TODOS,01-01-2017,2017
45 - 49,3166,3630,6796,295,337,632,3461,3967,7428,MORATALAZ / TODOS,01-01-2017,2017
50 - 54,3470,4048,7518,174,252,426,3644,4300,7944,MORATALAZ / TODOS,01-01-2017,2017
55 - 59,3084,3470,6554,127,232,359,3211,3702,6913,MORATALAZ / TODOS,01-01-2017,2017
60 - 64,2238,2805,5043,80,120,200,2318,2925,5243,MORATALAZ / TODOS,01-01-2017,2017
65 - 69,1994,2773,4767,41,75,116,2035,2848,4883,MORATALAZ / TODOS,01-01-2017,2017
70 - 74,2134,3122,5256,32,53,85,2166,3175,5341,MORATALAZ / TODOS,01-01-2017,2017
75 - 79,1980,3096,5076,20,29,49,2000,3125,5125,MORATALAZ / TODOS,01-01-2017,2017
80 - 84,2019,2996,5015,9,24,33,2028,3020,5048,MORATALAZ / TODOS,01-01-2017,2017
85 - 89,1059,1852,2911,6,10,16,1065,1862,2927,MORATALAZ / TODOS,01-01-2017,2017
90 - 94,297,690,987,4,6,10,301,696,997,MORATALAZ / TODOS,01-01-2017,2017
95 - 99,41,172,213,0,0,0,41,172,213,MORATALAZ / TODOS,01-01-2017,2017
100 o más,8,38,46,0,0,0,8,38,46,MORATALAZ / TODOS,01-01-2017,2017
Total,84614,101947,186561,11989,14583,26572,96603,116530,213133,CIUDAD LINEAL / TODOS,01-01-2017,2017
0 - 4,3567,3469,7036,669,600,1269,4236,4069,8305,CIUDAD LINEAL / TODOS,01-01-2017,2017
5 - 9,3980,3753,7733,459,472,931,4439,4225,8664,CIUDAD LINEAL / TODOS,01-01-2017,2017
10 - 14,4187,4044,8231,389,441,830,4576,4485,9061,CIUDAD LINEAL / TODOS,01-01-2017,2017
15 - 19,4168,3947,8115,620,549,1169,4788,4496,9284,CIUDAD LINEAL / TODOS,01-01-2017,2017
20 - 24,4212,4116,8328,811,1019,1830,5023,5135,10158,CIUDAD LINEAL / TODOS,01-01-2017,2017
25 - 29,4550,4494,9044,1222,1850,3072,5772,6344,12116,CIUDAD LINEAL / TODOS,01-01-2017,2017
30 - 34,4988,5110,10098,1632,2222,3854,6620,7332,13952,CIUDAD LINEAL / TODOS,01-01-2017,2017
35 - 39,5752,6153,11905,1824,2007,3831,7576,8160,15736,CIUDAD LINEAL / TODOS,01-01-2017,2017
40 - 44,6342,6892,13234,1438,1572,3010,7780,8464,16244,CIUDAD LINEAL / TODOS,01-01-2017,2017
45 - 49,6419,7618,14037,1057,1233,2290,7476,8851,16327,CIUDAD LINEAL / TODOS,01-01-2017,2017
50 - 54,6772,8285,15057,710,929,1639,7482,9214,16696,CIUDAD LINEAL / TODOS,01-01-2017,2017
55 - 59,6172,7736,13908,502,683,1185,6674,8419,15093,CIUDAD LINEAL / TODOS,01-01-2017,2017
60 - 64,4829,6381,11210,271,392,663,5100,6773,11873,CIUDAD LINEAL / TODOS,01-01-2017,2017
65 - 69,4437,5959,10396,168,265,433,4605,6224,10829,CIUDAD LINEAL / TODOS,01-01-2017,2017
70 - 74,4188,6097,10285,91,160,251,4279,6257,10536,CIUDAD LINEAL / TODOS,01-01-2017,2017
75 - 79,3440,5487,8927,75,95,170,3515,5582,9097,CIUDAD LINEAL / TODOS,01-01-2017,2017
80 - 84,3490,5887,9377,28,48,76,3518,5935,9453,CIUDAD LINEAL / TODOS,01-01-2017,2017
85 - 89,2203,4197,6400,19,30,49,2222,4227,6449,CIUDAD LINEAL / TODOS,01-01-2017,2017
90 - 94,778,1819,2597,4,12,16,782,1831,2613,CIUDAD LINEAL / TODOS,01-01-2017,2017
95 - 99,128,418,546,0,3,3,128,421,549,CIUDAD LINEAL / TODOS,01-01-2017,2017
100 o más,12,85,97,0,1,1,12,86,98,CIUDAD LINEAL / TODOS,01-01-2017,2017
Total,78777,86066,164843,7147,8889,16036,85924,94955,180879,HORTALEZA / TODOS,01-01-2017,2017
0 - 4,4592,4445,9037,460,447,907,5052,4892,9944,HORTALEZA / TODOS,01-01-2017,2017
5 - 9,5054,4672,9726,424,376,800,5478,5048,10526,HORTALEZA / TODOS,01-01-2017,2017
10 - 14,4383,4234,8617,408,369,777,4791,4603,9394,HORTALEZA / TODOS,01-01-2017,2017
15 - 19,4017,3789,7806,349,355,704,4366,4144,8510,HORTALEZA / TODOS,01-01-2017,2017
20 - 24,3768,3519,7287,373,447,820,4141,3966,8107,HORTALEZA / TODOS,01-01-2017,2017
25 - 29,3791,3726,7517,566,889,1455,4357,4615,8972,HORTALEZA / TODOS,01-01-2017,2017
30 - 34,4610,4708,9318,806,1188,1994,5416,5896,11312,HORTALEZA / TODOS,01-01-2017,2017
35 - 39,6226,6513,12739,1013,1255,2268,7239,7768,15007,HORTALEZA / TODOS,01-01-2017,2017
40 - 44,7067,7408,14475,899,1022,1921,7966,8430,16396,HORTALEZA / TODOS,01-01-2017,2017
45 - 49,6284,6748,13032,683,837,1520,6967,7585,14552,HORTALEZA / TODOS,01-01-2017,2017
50 - 54,5910,6630,12540,438,560,998,6348,7190,13538,HORTALEZA / TODOS,01-01-2017,2017
55 - 59,5234,5615,10849,274,390,664,5508,6005,11513,HORTALEZA / TODOS,01-01-2017,2017
60 - 64,3966,4690,8656,186,279,465,4152,4969,9121,HORTALEZA / TODOS,01-01-2017,2017
65 - 69,3788,4856,8644,97,171,268,3885,5027,8912,HORTALEZA / TODOS,01-01-2017,2017
70 - 74,3650,4654,8304,63,126,189,3713,4780,8493,HORTALEZA / TODOS,01-01-2017,2017
75 - 79,2652,3389,6041,65,94,159,2717,3483,6200,HORTALEZA / TODOS,01-01-2017,2017
80 - 84,2129,3185,5314,22,43,65,2151,3228,5379,HORTALEZA / TODOS,01-01-2017,2017
85 - 89,1188,2060,3248,14,26,40,1202,2086,3288,HORTALEZA / TODOS,01-01-2017,2017
90 - 94,388,893,1281,7,12,19,395,905,1300,HORTALEZA / TODOS,01-01-2017,2017
95 - 99,74,281,355,0,2,2,74,283,357,HORTALEZA / TODOS,01-01-2017,2017
100 o más,6,51,57,0,1,1,6,52,58,HORTALEZA / TODOS,01-01-2017,2017
Total,56653,62404,119057,11868,12134,24002,68521,74538,143059,VILLAVERDE / TODOS,01-01-2017,2017
0 - 4,2791,2588,5379,824,799,1623,3615,3387,7002,VILLAVERDE / TODOS,01-01-2017,2017
5 - 9,3707,3422,7129,586,511,1097,4293,3933,8226,VILLAVERDE / TODOS,01-01-2017,2017
10 - 14,3447,3189,6636,421,406,827,3868,3595,7463,VILLAVERDE / TODOS,01-01-2017,2017
15 - 19,2884,2924,5808,536,525,1061,3420,3449,6869,VILLAVERDE / TODOS,01-01-2017,2017
20 - 24,2897,2826,5723,834,940,1774,3731,3766,7497,VILLAVERDE / TODOS,01-01-2017,2017
25 - 29,2838,2930,5768,1109,1403,2512,3947,4333,8280,VILLAVERDE / TODOS,01-01-2017,2017
30 - 34,2856,2931,5787,1490,1686,3176,4346,4617,8963,VILLAVERDE / TODOS,01-01-2017,2017
35 - 39,3637,4011,7648,1799,1553,3352,5436,5564,11000,VILLAVERDE / TODOS,01-01-2017,2017
40 - 44,4962,5209,10171,1509,1317,2826,6471,6526,12997,VILLAVERDE / TODOS,01-01-2017,2017
45 - 49,4916,5245,10161,1114,992,2106,6030,6237,12267,VILLAVERDE / TODOS,01-01-2017,2017
50 - 54,4982,5091,10073,717,755,1472,5699,5846,11545,VILLAVERDE / TODOS,01-01-2017,2017
55 - 59,3776,4036,7812,489,520,1009,4265,4556,8821,VILLAVERDE / TODOS,01-01-2017,2017
60 - 64,2648,2948,5596,234,330,564,2882,3278,6160,VILLAVERDE / TODOS,01-01-2017,2017
65 - 69,2254,2905,5159,96,189,285,2350,3094,5444,VILLAVERDE / TODOS,01-01-2017,2017
70 - 74,2354,3197,5551,50,100,150,2404,3297,5701,VILLAVERDE / TODOS,01-01-2017,2017
75 - 79,2064,3019,5083,27,58,85,2091,3077,5168,VILLAVERDE / TODOS,01-01-2017,2017
80 - 84,2174,3156,5330,21,28,49,2195,3184,5379,VILLAVERDE / TODOS,01-01-2017,2017
85 - 89,1113,1915,3028,8,16,24,1121,1931,3052,VILLAVERDE / TODOS,01-01-2017,2017
90 - 94,307,694,1001,4,3,7,311,697,1008,VILLAVERDE / TODOS,01-01-2017,2017
95 - 99,39,149,188,0,1,1,39,150,189,VILLAVERDE / TODOS,01-01-2017,2017
100 o más,7,19,26,0,2,2,7,21,28,VILLAVERDE / TODOS,01-01-2017,2017
Total,45425,47904,93329,5356,5880,11236,50781,53784,104565,VILLA DE VALLECAS / TODOS,01-01-2017,2017
0 - 4,3579,3304,6883,387,394,781,3966,3698,7664,VILLA DE VALLECAS / TODOS,01-01-2017,2017
5 - 9,3123,2885,6008,302,275,577,3425,3160,6585,VILLA DE VALLECAS / TODOS,01-01-2017,2017
10 - 14,2403,2159,4562,256,216,472,2659,2375,5034,VILLA DE VALLECAS / TODOS,01-01-2017,2017
15 - 19,1983,1965,3948,268,250,518,2251,2215,4466,VILLA DE VALLECAS / TODOS,01-01-2017,2017
20 - 24,2052,1976,4028,305,373,678,2357,2349,4706,VILLA DE VALLECAS / TODOS,01-01-2017,2017
25 - 29,2547,2625,5172,509,678,1187,3056,3303,6359,VILLA DE VALLECAS / TODOS,01-01-2017,2017
30 - 34,3415,3729,7144,730,839,1569,4145,4568,8713,VILLA DE VALLECAS / TODOS,01-01-2017,2017
35 - 39,5157,5282,10439,814,822,1636,5971,6104,12075,VILLA DE VALLECAS / TODOS,01-01-2017,2017
40 - 44,5009,4857,9866,631,595,1226,5640,5452,11092,VILLA DE VALLECAS / TODOS,01-01-2017,2017
45 - 49,3411,3457,6868,462,483,945,3873,3940,7813,VILLA DE VALLECAS / TODOS,01-01-2017,2017
50 - 54,2973,3321,6294,283,336,619,3256,3657,6913,VILLA DE VALLECAS / TODOS,01-01-2017,2017
55 - 59,2600,2844,5444,169,239,408,2769,3083,5852,VILLA DE VALLECAS / TODOS,01-01-2017,2017
60 - 64,1882,2267,4149,120,177,297,2002,2444,4446,VILLA DE VALLECAS / TODOS,01-01-2017,2017
65 - 69,1754,1959,3713,60,86,146,1814,2045,3859,VILLA DE VALLECAS / TODOS,01-01-2017,2017
70 - 74,1303,1568,2871,25,53,78,1328,1621,2949,VILLA DE VALLECAS / TODOS,01-01-2017,2017
75 - 79,900,1263,2163,18,31,49,918,1294,2212,VILLA DE VALLECAS / TODOS,01-01-2017,2017
80 - 84,766,1220,1986,6,15,21,772,1235,2007,VILLA DE VALLECAS / TODOS,01-01-2017,2017
85 - 89,408,772,1180,8,9,17,416,781,1197,VILLA DE VALLECAS / TODOS,01-01-2017,2017
90 - 94,132,358,490,3,6,9,135,364,499,VILLA DE VALLECAS / TODOS,01-01-2017,2017
95 - 99,27,79,106,0,1,1,27,80,107,VILLA DE VALLECAS / TODOS,01-01-2017,2017
100 o más,1,14,15,0,2,2,1,16,17,VILLA DE VALLECAS / TODOS,01-01-2017,2017
Total,30300,32104,62404,3823,3976,7799,34123,36080,70203,VICALVARO / TODOS,01-01-2017,2017
0 - 4,1522,1430,2952,272,233,505,1794,1663,3457,VICALVARO / TODOS,01-01-2017,2017
5 - 9,2343,2192,4535,191,222,413,2534,2414,4948,VICALVARO / TODOS,01-01-2017,2017
10 - 14,2091,2132,4223,165,158,323,2256,2290,4546,VICALVARO / TODOS,01-01-2017,2017
15 - 19,1827,1642,3469,190,191,381,2017,1833,3850,VICALVARO / TODOS,01-01-2017,2017
20 - 24,1452,1440,2892,275,290,565,1727,1730,3457,VICALVARO / TODOS,01-01-2017,2017
25 - 29,1290,1208,2498,375,420,795,1665,1628,3293,VICALVARO / TODOS,01-01-2017,2017
30 - 34,1329,1319,2648,442,529,971,1771,1848,3619,VICALVARO / TODOS,01-01-2017,2017
35 - 39,1841,2056,3897,548,551,1099,2389,2607,4996,VICALVARO / TODOS,01-01-2017,2017
40 - 44,3239,3536,6775,460,393,853,3699,3929,7628,VICALVARO / TODOS,01-01-2017,2017
45 - 49,3169,3341,6510,365,323,688,3534,3664,7198,VICALVARO / TODOS,01-01-2017,2017
50 - 54,2855,2814,5669,208,232,440,3063,3046,6109,VICALVARO / TODOS,01-01-2017,2017
55 - 59,1908,1956,3864,152,190,342,2060,2146,4206,VICALVARO / TODOS,01-01-2017,2017
60 - 64,1134,1266,2400,102,111,213,1236,1377,2613,VICALVARO / TODOS,01-01-2017,2017
65 - 69,937,1174,2111,45,61,106,982,1235,2217,VICALVARO / TODOS,01-01-2017,2017
70 - 74,997,1448,2445,8,36,44,1005,1484,2489,VICALVARO / TODOS,01-01-2017,2017
75 - 79,1041,1227,2268,17,22,39,1058,1249,2307,VICALVARO / TODOS,01-01-2017,2017
80 - 84,819,1043,1862,5,8,13,824,1051,1875,VICALVARO / TODOS,01-01-2017,2017
85 - 89,380,583,963,3,4,7,383,587,970,VICALVARO / TODOS,01-01-2017,2017
90 - 94,104,236,340,0,1,1,104,237,341,VICALVARO / TODOS,01-01-2017,2017
95 - 99,21,50,71,0,0,0,21,50,71,VICALVARO / TODOS,01-01-2017,2017
100 o más,1,11,12,0,1,1,1,12,13,VICALVARO / TODOS,01-01-2017,2017
Total,65836,73202,139038,7349,8395,15744,73185,81597,154782,SAN BLAS-CANILLEJAS / TODOS,01-01-2017,2017
0 - 4,2951,2776,5727,459,408,867,3410,3184,6594,SAN BLAS-CANILLEJAS / TODOS,01-01-2017,2017
5 - 9,3668,3584,7252,323,339,662,3991,3923,7914,SAN BLAS-CANILLEJAS / TODOS,01-01-2017,2017
10 - 14,4318,4034,8352,267,325,592,4585,4359,8944,SAN BLAS-CANILLEJAS / TODOS,01-01-2017,2017
15 - 19,3691,3597,7288,363,359,722,4054,3956,8010,SAN BLAS-CANILLEJAS / TODOS,01-01-2017,2017
20 - 24,3292,3146,6438,434,556,990,3726,3702,7428,SAN BLAS-CANILLEJAS / TODOS,01-01-2017,2017
25 - 29,3305,3183,6488,704,986,1690,4009,4169,8178,SAN BLAS-CANILLEJAS / TODOS,01-01-2017,2017
30 - 34,3425,3453,6878,998,1266,2264,4423,4719,9142,SAN BLAS-CANILLEJAS / TODOS,01-01-2017,2017
35 - 39,4228,4423,8651,1114,1145,2259,5342,5568,10910,SAN BLAS-CANILLEJAS / TODOS,01-01-2017,2017
40 - 44,5317,6030,11347,930,880,1810,6247,6910,13157,SAN BLAS-CANILLEJAS / TODOS,01-01-2017,2017
45 - 49,6403,6755,13158,658,675,1333,7061,7430,14491,SAN BLAS-CANILLEJAS / TODOS,01-01-2017,2017
50 - 54,6193,6717,12910,450,493,943,6643,7210,13853,SAN BLAS-CANILLEJAS / TODOS,01-01-2017,2017
55 - 59,5022,5279,10301,287,371,658,5309,5650,10959,SAN BLAS-CANILLEJAS / TODOS,01-01-2017,2017
60 - 64,3382,3698,7080,170,250,420,3552,3948,7500,SAN BLAS-CANILLEJAS / TODOS,01-01-2017,2017
65 - 69,2720,3270,5990,93,169,262,2813,3439,6252,SAN BLAS-CANILLEJAS / TODOS,01-01-2017,2017
70 - 74,2235,2917,5152,41,91,132,2276,3008,5284,SAN BLAS-CANILLEJAS / TODOS,01-01-2017,2017
75 - 79,1833,2882,4715,39,39,78,1872,2921,4793,SAN BLAS-CANILLEJAS / TODOS,01-01-2017,2017
80 - 84,2098,3655,5753,14,27,41,2112,3682,5794,SAN BLAS-CANILLEJAS / TODOS,01-01-2017,2017
85 - 89,1315,2510,3825,4,13,17,1319,2523,3842,SAN BLAS-CANILLEJAS / TODOS,01-01-2017,2017
90 - 94,386,1073,1459,1,3,4,387,1076,1463,SAN BLAS-CANILLEJAS / TODOS,01-01-2017,2017
95 - 99,52,194,246,0,0,0,52,194,246,SAN BLAS-CANILLEJAS / TODOS,01-01-2017,2017
100 o más,2,26,28,0,0,0,2,26,28,SAN BLAS-CANILLEJAS / TODOS,01-01-2017,2017
Total,20971,21977,42948,1785,2267,4052,22756,24244,47000,BARAJAS / TODOS,01-01-2017,2017
0 - 4,1321,1144,2465,95,124,219,1416,1268,2684,BARAJAS / TODOS,01-01-2017,2017
5 - 9,1388,1266,2654,82,68,150,1470,1334,2804,BARAJAS / TODOS,01-01-2017,2017
10 - 14,1311,1222,2533,101,67,168,1412,1289,2701,BARAJAS / TODOS,01-01-2017,2017
15 - 19,1047,965,2012,97,73,170,1144,1038,2182,BARAJAS / TODOS,01-01-2017,2017
20 - 24,875,826,1701,90,144,234,965,970,1935,BARAJAS / TODOS,01-01-2017,2017
25 - 29,879,886,1765,144,211,355,1023,1097,2120,BARAJAS / TODOS,01-01-2017,2017
30 - 34,1326,1257,2583,201,319,520,1527,1576,3103,BARAJAS / TODOS,01-01-2017,2017
35 - 39,1704,1711,3415,258,340,598,1962,2051,4013,BARAJAS / TODOS,01-01-2017,2017
40 - 44,1959,2148,4107,238,269,507,2197,2417,4614,BARAJAS / TODOS,01-01-2017,2017
45 - 49,1863,1874,3737,179,191,370,2042,2065,4107,BARAJAS / TODOS,01-01-2017,2017
50 - 54,1534,1721,3255,108,128,236,1642,1849,3491,BARAJAS / TODOS,01-01-2017,2017
55 - 59,1262,1326,2588,82,100,182,1344,1426,2770,BARAJAS / TODOS,01-01-2017,2017
60 - 64,1014,1177,2191,36,89,125,1050,1266,2316,BARAJAS / TODOS,01-01-2017,2017
65 - 69,1062,1360,2422,32,61,93,1094,1421,2515,BARAJAS / TODOS,01-01-2017,2017
70 - 74,1031,1186,2217,20,36,56,1051,1222,2273,BARAJAS / TODOS,01-01-2017,2017
75 - 79,672,706,1378,11,17,28,683,723,1406,BARAJAS / TODOS,01-01-2017,2017
80 - 84,415,565,980,8,13,21,423,578,1001,BARAJAS / TODOS,01-01-2017,2017
85 - 89,203,368,571,3,10,13,206,378,584,BARAJAS / TODOS,01-01-2017,2017
90 - 94,90,199,289,0,5,5,90,204,294,BARAJAS / TODOS,01-01-2017,2017
95 - 99,14,58,72,0,1,1,14,59,73,BARAJAS / TODOS,01-01-2017,2017
100 o más,1,12,13,0,1,1,1,13,14,BARAJAS / TODOS,01-01-2017,2017
Total,50815,59380,110195,21975,19396,41371,72790,78776,151566,CENTRO / TODOS,01-01-2004,2004
0 - 4,1889,1781,3670,959,884,1843,2848,2665,5513,CENTRO / TODOS,01-01-2004,2004
5 - 9,1474,1482,2956,801,768,1569,2275,2250,4525,CENTRO / TODOS,01-01-2004,2004
10 - 14,1462,1391,2853,800,702,1502,2262,2093,4355,CENTRO / TODOS,01-01-2004,2004
15 - 19,1649,1581,3230,925,818,1743,2574,2399,4973,CENTRO / TODOS,01-01-2004,2004
20 - 24,2427,2363,4790,2280,2224,4504,4707,4587,9294,CENTRO / TODOS,01-01-2004,2004
25 - 29,4527,4472,8999,4121,3562,7683,8648,8034,16682,CENTRO / TODOS,01-01-2004,2004
30 - 34,5712,5349,11061,3986,3151,7137,9698,8500,18198,CENTRO / TODOS,01-01-2004,2004
35 - 39,5398,4914,10312,3175,2429,5604,8573,7343,15916,CENTRO / TODOS,01-01-2004,2004
40 - 44,4708,4498,9206,2128,1733,3861,6836,6231,13067,CENTRO / TODOS,01-01-2004,2004
45 - 49,3976,4089,8065,1196,1194,2390,5172,5283,10455,CENTRO / TODOS,01-01-2004,2004
50 - 54,3133,3481,6614,708,749,1457,3841,4230,8071,CENTRO / TODOS,01-01-2004,2004
55 - 59,3091,3328,6419,388,461,849,3479,3789,7268,CENTRO / TODOS,01-01-2004,2004
60 - 64,2495,2931,5426,191,256,447,2686,3187,5873,CENTRO / TODOS,01-01-2004,2004
65 - 69,2227,3164,5391,115,171,286,2342,3335,5677,CENTRO / TODOS,01-01-2004,2004
70 - 74,2412,3901,6313,93,131,224,2505,4032,6537,CENTRO / TODOS,01-01-2004,2004
75 - 79,1976,3848,5824,57,73,130,2033,3921,5954,CENTRO / TODOS,01-01-2004,2004
80 - 84,1327,3271,4598,23,39,62,1350,3310,4660,CENTRO / TODOS,01-01-2004,2004
85 - 89,608,2243,2851,11,30,41,619,2273,2892,CENTRO / TODOS,01-01-2004,2004
90 - 94,254,985,1239,7,10,17,261,995,1256,CENTRO / TODOS,01-01-2004,2004
95 - 99,57,262,319,3,1,4,60,263,323,CENTRO / TODOS,01-01-2004,2004
100 o más,7,43,50,1,2,3,8,45,53,CENTRO / TODOS,01-01-2004,2004
No Consta,6,3,9,7,8,15,13,11,24,CENTRO / TODOS,01-01-2004,2004
Total,56607,67140,123747,11266,12154,23420,67873,79294,147167,ARGANZUELA / TODOS,01-01-2004,2004
0 - 4,2840,2599,5439,560,565,1125,3400,3164,6564,ARGANZUELA / TODOS,01-01-2004,2004
5 - 9,2445,2290,4735,600,572,1172,3045,2862,5907,ARGANZUELA / TODOS,01-01-2004,2004
10 - 14,2306,2293,4599,537,518,1055,2843,2811,5654,ARGANZUELA / TODOS,01-01-2004,2004
15 - 19,2731,2592,5323,568,654,1222,3299,3246,6545,ARGANZUELA / TODOS,01-01-2004,2004
20 - 24,3538,3365,6903,1386,1451,2837,4924,4816,9740,ARGANZUELA / TODOS,01-01-2004,2004
25 - 29,4325,4379,8704,1969,2192,4161,6294,6571,12865,ARGANZUELA / TODOS,01-01-2004,2004
30 - 34,4777,5093,9870,1850,1869,3719,6627,6962,13589,ARGANZUELA / TODOS,01-01-2004,2004
35 - 39,5391,5544,10935,1448,1422,2870,6839,6966,13805,ARGANZUELA / TODOS,01-01-2004,2004
40 - 44,4907,5640,10547,990,1069,2059,5897,6709,12606,ARGANZUELA / TODOS,01-01-2004,2004
45 - 49,4502,5428,9930,673,717,1390,5175,6145,11320,ARGANZUELA / TODOS,01-01-2004,2004
50 - 54,3946,4560,8506,293,443,736,4239,5003,9242,ARGANZUELA / TODOS,01-01-2004,2004
55 - 59,3291,3981,7272,153,268,421,3444,4249,7693,ARGANZUELA / TODOS,01-01-2004,2004
60 - 64,2549,3251,5800,84,128,212,2633,3379,6012,ARGANZUELA / TODOS,01-01-2004,2004
65 - 69,2381,3382,5763,53,122,175,2434,3504,5938,ARGANZUELA / TODOS,01-01-2004,2004
70 - 74,2494,3759,6253,46,85,131,2540,3844,6384,ARGANZUELA / TODOS,01-01-2004,2004
75 - 79,1974,3447,5421,24,38,62,1998,3485,5483,ARGANZUELA / TODOS,01-01-2004,2004
80 - 84,1226,2819,4045,18,22,40,1244,2841,4085,ARGANZUELA / TODOS,01-01-2004,2004
85 - 89,643,1718,2361,5,11,16,648,1729,2377,ARGANZUELA / TODOS,01-01-2004,2004
90 - 94,275,805,1080,2,4,6,277,809,1086,ARGANZUELA / TODOS,01-01-2004,2004
95 - 99,59,173,232,1,0,1,60,173,233,ARGANZUELA / TODOS,01-01-2004,2004
100 o más,4,20,24,0,0,0,4,20,24,ARGANZUELA / TODOS,01-01-2004,2004
No Consta,3,2,5,6,4,10,9,6,15,ARGANZUELA / TODOS,01-01-2004,2004
Total,52812,63076,115888,4970,6222,11192,57782,69298,127080,RETIRO / TODOS,01-01-2004,2004
0 - 4,2207,2076,4283,199,181,380,2406,2257,4663,RETIRO / TODOS,01-01-2004,2004
5 - 9,2167,2055,4222,235,246,481,2402,2301,4703,RETIRO / TODOS,01-01-2004,2004
10 - 14,2232,2228,4460,218,224,442,2450,2452,4902,RETIRO / TODOS,01-01-2004,2004
15 - 19,2687,2695,5382,226,257,483,2913,2952,5865,RETIRO / TODOS,01-01-2004,2004
20 - 24,3689,3488,7177,522,692,1214,4211,4180,8391,RETIRO / TODOS,01-01-2004,2004
25 - 29,4627,4516,9143,837,1101,1938,5464,5617,11081,RETIRO / TODOS,01-01-2004,2004
30 - 34,4383,4185,8568,784,943,1727,5167,5128,10295,RETIRO / TODOS,01-01-2004,2004
35 - 39,4009,4252,8261,668,739,1407,4677,4991,9668,RETIRO / TODOS,01-01-2004,2004
40 - 44,3675,4275,7950,436,564,1000,4111,4839,8950,RETIRO / TODOS,01-01-2004,2004
45 - 49,3645,4591,8236,291,429,720,3936,5020,8956,RETIRO / TODOS,01-01-2004,2004
50 - 54,3475,4597,8072,179,277,456,3654,4874,8528,RETIRO / TODOS,01-01-2004,2004
55 - 59,3601,4503,8104,124,189,313,3725,4692,8417,RETIRO / TODOS,01-01-2004,2004
60 - 64,3019,3738,6757,79,127,206,3098,3865,6963,RETIRO / TODOS,01-01-2004,2004
65 - 69,2636,3495,6131,70,80,150,2706,3575,6281,RETIRO / TODOS,01-01-2004,2004
70 - 74,2501,3750,6251,34,53,87,2535,3803,6338,RETIRO / TODOS,01-01-2004,2004
75 - 79,2026,3367,5393,30,38,68,2056,3405,5461,RETIRO / TODOS,01-01-2004,2004
80 - 84,1250,2623,3873,14,38,52,1264,2661,3925,RETIRO / TODOS,01-01-2004,2004
85 - 89,658,1593,2251,10,19,29,668,1612,2280,RETIRO / TODOS,01-01-2004,2004
90 - 94,271,799,1070,7,14,21,278,813,1091,RETIRO / TODOS,01-01-2004,2004
95 - 99,47,216,263,3,6,9,50,222,272,RETIRO / TODOS,01-01-2004,2004
100 o más,6,32,38,1,2,3,7,34,41,RETIRO / TODOS,01-01-2004,2004
No Consta,1,2,3,3,3,6,4,5,9,RETIRO / TODOS,01-01-2004,2004
Total,58199,74327,132526,8612,11340,19952,66811,85667,152478,SALAMANCA / TODOS,01-01-2004,2004
0 - 4,2553,2506,5059,361,347,708,2914,2853,5767,SALAMANCA / TODOS,01-01-2004,2004
5 - 9,2355,2246,4601,392,324,716,2747,2570,5317,SALAMANCA / TODOS,01-01-2004,2004
10 - 14,2345,2237,4582,386,365,751,2731,2602,5333,SALAMANCA / TODOS,01-01-2004,2004
15 - 19,2690,2602,5292,396,407,803,3086,3009,6095,SALAMANCA / TODOS,01-01-2004,2004
20 - 24,3345,3410,6755,896,1131,2027,4241,4541,8782,SALAMANCA / TODOS,01-01-2004,2004
25 - 29,4873,4967,9840,1409,1954,3363,6282,6921,13203,SALAMANCA / TODOS,01-01-2004,2004
30 - 34,5143,5264,10407,1469,1871,3340,6612,7135,13747,SALAMANCA / TODOS,01-01-2004,2004
35 - 39,4731,5103,9834,1116,1449,2565,5847,6552,12399,SALAMANCA / TODOS,01-01-2004,2004
40 - 44,4293,4997,9290,728,1042,1770,5021,6039,11060,SALAMANCA / TODOS,01-01-2004,2004
45 - 49,3932,4866,8798,476,793,1269,4408,5659,10067,SALAMANCA / TODOS,01-01-2004,2004
50 - 54,3626,4748,8374,299,581,880,3925,5329,9254,SALAMANCA / TODOS,01-01-2004,2004
55 - 59,3625,4820,8445,230,372,602,3855,5192,9047,SALAMANCA / TODOS,01-01-2004,2004
60 - 64,3154,4405,7559,124,224,348,3278,4629,7907,SALAMANCA / TODOS,01-01-2004,2004
65 - 69,2824,4422,7246,117,139,256,2941,4561,7502,SALAMANCA / TODOS,01-01-2004,2004
70 - 74,3070,5018,8088,81,104,185,3151,5122,8273,SALAMANCA / TODOS,01-01-2004,2004
75 - 79,2580,4534,7114,57,81,138,2637,4615,7252,SALAMANCA / TODOS,01-01-2004,2004
80 - 84,1683,3786,5469,34,64,98,1717,3850,5567,SALAMANCA / TODOS,01-01-2004,2004
85 - 89,882,2623,3505,18,34,52,900,2657,3557,SALAMANCA / TODOS,01-01-2004,2004
90 - 94,398,1308,1706,11,36,47,409,1344,1753,SALAMANCA / TODOS,01-01-2004,2004
95 - 99,83,395,478,4,12,16,87,407,494,SALAMANCA / TODOS,01-01-2004,2004
100 o más,11,65,76,2,4,6,13,69,82,SALAMANCA / TODOS,01-01-2004,2004
No Consta,3,5,8,6,6,12,9,11,20,SALAMANCA / TODOS,01-01-2004,2004
Total,57772,70010,127782,6565,9304,15869,64337,79314,143651,CHAMARTIN / TODOS,01-01-2004,2004
0 - 4,2847,2736,5583,266,273,539,3113,3009,6122,CHAMARTIN / TODOS,01-01-2004,2004
5 - 9,2987,2739,5726,304,254,558,3291,2993,6284,CHAMARTIN / TODOS,01-01-2004,2004
10 - 14,2855,2673,5528,279,322,601,3134,2995,6129,CHAMARTIN / TODOS,01-01-2004,2004
15 - 19,2907,2823,5730,297,377,674,3204,3200,6404,CHAMARTIN / TODOS,01-01-2004,2004
20 - 24,3477,3382,6859,588,939,1527,4065,4321,8386,CHAMARTIN / TODOS,01-01-2004,2004
25 - 29,4473,4558,9031,947,1412,2359,5420,5970,11390,CHAMARTIN / TODOS,01-01-2004,2004
30 - 34,4806,4895,9701,1030,1466,2496,5836,6361,12197,CHAMARTIN / TODOS,01-01-2004,2004
35 - 39,4493,5011,9504,825,1147,1972,5318,6158,11476,CHAMARTIN / TODOS,01-01-2004,2004
40 - 44,4124,4965,9089,636,869,1505,4760,5834,10594,CHAMARTIN / TODOS,01-01-2004,2004
45 - 49,3804,4830,8634,404,622,1026,4208,5452,9660,CHAMARTIN / TODOS,01-01-2004,2004
50 - 54,3622,4660,8282,262,493,755,3884,5153,9037,CHAMARTIN / TODOS,01-01-2004,2004
55 - 59,3693,4786,8479,203,334,537,3896,5120,9016,CHAMARTIN / TODOS,01-01-2004,2004
60 - 64,3052,4211,7263,163,267,430,3215,4478,7693,CHAMARTIN / TODOS,01-01-2004,2004
65 - 69,2843,4045,6888,129,152,281,2972,4197,7169,CHAMARTIN / TODOS,01-01-2004,2004
70 - 74,2791,4235,7026,97,113,210,2888,4348,7236,CHAMARTIN / TODOS,01-01-2004,2004
75 - 79,2366,3876,6242,51,102,153,2417,3978,6395,CHAMARTIN / TODOS,01-01-2004,2004
80 - 84,1556,2841,4397,37,60,97,1593,2901,4494,CHAMARTIN / TODOS,01-01-2004,2004
85 - 89,720,1680,2400,22,48,70,742,1728,2470,CHAMARTIN / TODOS,01-01-2004,2004
90 - 94,281,807,1088,12,33,45,293,840,1133,CHAMARTIN / TODOS,01-01-2004,2004
95 - 99,61,219,280,8,11,19,69,230,299,CHAMARTIN / TODOS,01-01-2004,2004
100 o más,10,35,45,1,2,3,11,37,48,CHAMARTIN / TODOS,01-01-2004,2004
No Consta,4,3,7,4,8,12,8,11,19,CHAMARTIN / TODOS,01-01-2004,2004
Total,54808,67322,122130,14199,15725,29924,69007,83047,152054,TETUAN / TODOS,01-01-2004,2004
0 - 4,2229,2118,4347,806,720,1526,3035,2838,5873,TETUAN / TODOS,01-01-2004,2004
5 - 9,2033,1801,3834,775,713,1488,2808,2514,5322,TETUAN / TODOS,01-01-2004,2004
10 - 14,2067,1975,4042,670,715,1385,2737,2690,5427,TETUAN / TODOS,01-01-2004,2004
15 - 19,2468,2484,4952,766,808,1574,3234,3292,6526,TETUAN / TODOS,01-01-2004,2004
20 - 24,3176,3210,6386,1630,1848,3478,4806,5058,9864,TETUAN / TODOS,01-01-2004,2004
25 - 29,4501,4724,9225,2441,2693,5134,6942,7417,14359,TETUAN / TODOS,01-01-2004,2004
30 - 34,5113,4937,10050,2325,2486,4811,7438,7423,14861,TETUAN / TODOS,01-01-2004,2004
35 - 39,4601,4874,9475,1788,1842,3630,6389,6716,13105,TETUAN / TODOS,01-01-2004,2004
40 - 44,4082,4702,8784,1206,1340,2546,5288,6042,11330,TETUAN / TODOS,01-01-2004,2004
45 - 49,3655,4550,8205,729,982,1711,4384,5532,9916,TETUAN / TODOS,01-01-2004,2004
50 - 54,3223,4140,7363,442,604,1046,3665,4744,8409,TETUAN / TODOS,01-01-2004,2004
55 - 59,3154,4159,7313,240,366,606,3394,4525,7919,TETUAN / TODOS,01-01-2004,2004
60 - 64,2851,3744,6595,132,207,339,2983,3951,6934,TETUAN / TODOS,01-01-2004,2004
65 - 69,2904,4154,7058,87,138,225,2991,4292,7283,TETUAN / TODOS,01-01-2004,2004
70 - 74,3141,4899,8040,73,106,179,3214,5005,8219,TETUAN / TODOS,01-01-2004,2004
75 - 79,2732,4451,7183,42,80,122,2774,4531,7305,TETUAN / TODOS,01-01-2004,2004
80 - 84,1690,3361,5051,25,40,65,1715,3401,5116,TETUAN / TODOS,01-01-2004,2004
85 - 89,832,1881,2713,8,22,30,840,1903,2743,TETUAN / TODOS,01-01-2004,2004
90 - 94,290,905,1195,5,4,9,295,909,1204,TETUAN / TODOS,01-01-2004,2004
95 - 99,55,217,272,0,4,4,55,221,276,TETUAN / TODOS,01-01-2004,2004
100 o más,11,33,44,2,0,2,13,33,46,TETUAN / TODOS,01-01-2004,2004
No Consta,0,3,3,7,7,14,7,10,17,TETUAN / TODOS,01-01-2004,2004
Total,56746,74908,131654,9316,12036,21352,66062,86944,153006,CHAMBERI / TODOS,01-01-2004,2004
0 - 4,2311,2204,4515,423,401,824,2734,2605,5339,CHAMBERI / TODOS,01-01-2004,2004
5 - 9,2113,2050,4163,394,409,803,2507,2459,4966,CHAMBERI / TODOS,01-01-2004,2004
10 - 14,2204,1999,4203,406,406,812,2610,2405,5015,CHAMBERI / TODOS,01-01-2004,2004
15 - 19,2512,2611,5123,435,503,938,2947,3114,6061,CHAMBERI / TODOS,01-01-2004,2004
20 - 24,3412,3559,6971,969,1344,2313,4381,4903,9284,CHAMBERI / TODOS,01-01-2004,2004
25 - 29,4908,5194,10102,1530,2150,3680,6438,7344,13782,CHAMBERI / TODOS,01-01-2004,2004
30 - 34,4988,5092,10080,1649,1915,3564,6637,7007,13644,CHAMBERI / TODOS,01-01-2004,2004
35 - 39,4483,4834,9317,1223,1492,2715,5706,6326,12032,CHAMBERI / TODOS,01-01-2004,2004
40 - 44,4002,4753,8755,836,1054,1890,4838,5807,10645,CHAMBERI / TODOS,01-01-2004,2004
45 - 49,3789,5036,8825,530,795,1325,4319,5831,10150,CHAMBERI / TODOS,01-01-2004,2004
50 - 54,3760,4917,8677,322,562,884,4082,5479,9561,CHAMBERI / TODOS,01-01-2004,2004
55 - 59,3693,5017,8710,191,324,515,3884,5341,9225,CHAMBERI / TODOS,01-01-2004,2004
60 - 64,3034,4381,7415,138,216,354,3172,4597,7769,CHAMBERI / TODOS,01-01-2004,2004
65 - 69,2735,4207,6942,84,151,235,2819,4358,7177,CHAMBERI / TODOS,01-01-2004,2004
70 - 74,2863,4981,7844,60,98,158,2923,5079,8002,CHAMBERI / TODOS,01-01-2004,2004
75 - 79,2543,4974,7517,38,88,126,2581,5062,7643,CHAMBERI / TODOS,01-01-2004,2004
80 - 84,1786,4296,6082,45,47,92,1831,4343,6174,CHAMBERI / TODOS,01-01-2004,2004
85 - 89,1062,2924,3986,16,48,64,1078,2972,4050,CHAMBERI / TODOS,01-01-2004,2004
90 - 94,447,1421,1868,17,18,35,464,1439,1903,CHAMBERI / TODOS,01-01-2004,2004
95 - 99,88,387,475,4,7,11,92,394,486,CHAMBERI / TODOS,01-01-2004,2004
100 o más,10,69,79,0,2,2,10,71,81,CHAMBERI / TODOS,01-01-2004,2004
No Consta,3,2,5,6,6,12,9,8,17,CHAMBERI / TODOS,01-01-2004,2004
Total,91473,101236,192709,8202,9637,17839,99675,110873,210548,FUENCARRAL-EL PARDO / TODOS,01-01-2004,2004
0 - 4,4004,3752,7756,436,404,840,4440,4156,8596,FUENCARRAL-EL PARDO / TODOS,01-01-2004,2004
5 - 9,3993,3908,7901,525,458,983,4518,4366,8884,FUENCARRAL-EL PARDO / TODOS,01-01-2004,2004
10 - 14,4373,4194,8567,525,516,1041,4898,4710,9608,FUENCARRAL-EL PARDO / TODOS,01-01-2004,2004
15 - 19,5247,5059,10306,484,469,953,5731,5528,11259,FUENCARRAL-EL PARDO / TODOS,01-01-2004,2004
20 - 24,6860,6598,13458,770,1000,1770,7630,7598,15228,FUENCARRAL-EL PARDO / TODOS,01-01-2004,2004
25 - 29,8723,8315,17038,1156,1439,2595,9879,9754,19633,FUENCARRAL-EL PARDO / TODOS,01-01-2004,2004
30 - 34,7523,7253,14776,1144,1370,2514,8667,8623,17290,FUENCARRAL-EL PARDO / TODOS,01-01-2004,2004
35 - 39,6398,6843,13241,1014,1186,2200,7412,8029,15441,FUENCARRAL-EL PARDO / TODOS,01-01-2004,2004
40 - 44,6254,7067,13321,751,860,1611,7005,7927,14932,FUENCARRAL-EL PARDO / TODOS,01-01-2004,2004
45 - 49,5977,7301,13278,505,633,1138,6482,7934,14416,FUENCARRAL-EL PARDO / TODOS,01-01-2004,2004
50 - 54,6109,7447,13556,300,478,778,6409,7925,14334,FUENCARRAL-EL PARDO / TODOS,01-01-2004,2004
55 - 59,6910,7974,14884,198,269,467,7108,8243,15351,FUENCARRAL-EL PARDO / TODOS,01-01-2004,2004
60 - 64,5430,5998,11428,137,169,306,5567,6167,11734,FUENCARRAL-EL PARDO / TODOS,01-01-2004,2004
65 - 69,4651,5297,9948,89,143,232,4740,5440,10180,FUENCARRAL-EL PARDO / TODOS,01-01-2004,2004
70 - 74,3808,4770,8578,78,97,175,3886,4867,8753,FUENCARRAL-EL PARDO / TODOS,01-01-2004,2004
75 - 79,2612,3863,6475,41,65,106,2653,3928,6581,FUENCARRAL-EL PARDO / TODOS,01-01-2004,2004
80 - 84,1591,2798,4389,19,39,58,1610,2837,4447,FUENCARRAL-EL PARDO / TODOS,01-01-2004,2004
85 - 89,660,1695,2355,13,22,35,673,1717,2390,FUENCARRAL-EL PARDO / TODOS,01-01-2004,2004
90 - 94,286,852,1138,5,10,15,291,862,1153,FUENCARRAL-EL PARDO / TODOS,01-01-2004,2004
95 - 99,57,218,275,2,2,4,59,220,279,FUENCARRAL-EL PARDO / TODOS,01-01-2004,2004
100 o más,3,32,35,0,1,1,3,33,36,FUENCARRAL-EL PARDO / TODOS,01-01-2004,2004
No Consta,4,2,6,10,7,17,14,9,23,FUENCARRAL-EL PARDO / TODOS,01-01-2004,2004
Total,48761,56635,105396,5990,7739,13729,54751,64374,119125,MONCLOA-ARAVACA / TODOS,01-01-2004,2004
0 - 4,2583,2512,5095,331,264,595,2914,2776,5690,MONCLOA-ARAVACA / TODOS,01-01-2004,2004
5 - 9,2275,2400,4675,267,309,576,2542,2709,5251,MONCLOA-ARAVACA / TODOS,01-01-2004,2004
10 - 14,2147,2102,4249,271,285,556,2418,2387,4805,MONCLOA-ARAVACA / TODOS,01-01-2004,2004
15 - 19,2460,2356,4816,281,331,612,2741,2687,5428,MONCLOA-ARAVACA / TODOS,01-01-2004,2004
20 - 24,3076,3071,6147,577,802,1379,3653,3873,7526,MONCLOA-ARAVACA / TODOS,01-01-2004,2004
25 - 29,3945,3974,7919,933,1271,2204,4878,5245,10123,MONCLOA-ARAVACA / TODOS,01-01-2004,2004
30 - 34,4005,4095,8100,942,1229,2171,4947,5324,10271,MONCLOA-ARAVACA / TODOS,01-01-2004,2004
35 - 39,4207,4344,8551,823,938,1761,5030,5282,10312,MONCLOA-ARAVACA / TODOS,01-01-2004,2004
40 - 44,3825,4097,7922,580,739,1319,4405,4836,9241,MONCLOA-ARAVACA / TODOS,01-01-2004,2004
45 - 49,3338,3892,7230,390,548,938,3728,4440,8168,MONCLOA-ARAVACA / TODOS,01-01-2004,2004
50 - 54,3173,3697,6870,214,389,603,3387,4086,7473,MONCLOA-ARAVACA / TODOS,01-01-2004,2004
55 - 59,3095,3688,6783,127,227,354,3222,3915,7137,MONCLOA-ARAVACA / TODOS,01-01-2004,2004
60 - 64,2492,3101,5593,95,137,232,2587,3238,5825,MONCLOA-ARAVACA / TODOS,01-01-2004,2004
65 - 69,2335,3096,5431,51,75,126,2386,3171,5557,MONCLOA-ARAVACA / TODOS,01-01-2004,2004
70 - 74,2234,3087,5321,46,69,115,2280,3156,5436,MONCLOA-ARAVACA / TODOS,01-01-2004,2004
75 - 79,1651,2714,4365,29,43,72,1680,2757,4437,MONCLOA-ARAVACA / TODOS,01-01-2004,2004
80 - 84,1071,2123,3194,18,36,54,1089,2159,3248,MONCLOA-ARAVACA / TODOS,01-01-2004,2004
85 - 89,567,1407,1974,7,21,28,574,1428,2002,MONCLOA-ARAVACA / TODOS,01-01-2004,2004
90 - 94,231,659,890,2,9,11,233,668,901,MONCLOA-ARAVACA / TODOS,01-01-2004,2004
95 - 99,42,200,242,2,4,6,44,204,248,MONCLOA-ARAVACA / TODOS,01-01-2004,2004
100 o más,6,17,23,0,1,1,6,18,24,MONCLOA-ARAVACA / TODOS,01-01-2004,2004
No Consta,3,3,6,4,12,16,7,15,22,MONCLOA-ARAVACA / TODOS,01-01-2004,2004
Total,107431,119493,226924,17179,16925,34104,124610,136418,261028,LATINA / TODOS,01-01-2004,2004
0 - 4,4035,3854,7889,871,832,1703,4906,4686,9592,LATINA / TODOS,01-01-2004,2004
5 - 9,3795,3657,7452,858,843,1701,4653,4500,9153,LATINA / TODOS,01-01-2004,2004
10 - 14,4008,3866,7874,867,876,1743,4875,4742,9617,LATINA / TODOS,01-01-2004,2004
15 - 19,4881,4470,9351,943,917,1860,5824,5387,11211,LATINA / TODOS,01-01-2004,2004
20 - 24,6808,6502,13310,1974,2162,4136,8782,8664,17446,LATINA / TODOS,01-01-2004,2004
25 - 29,10000,9456,19456,3089,2881,5970,13089,12337,25426,LATINA / TODOS,01-01-2004,2004
30 - 34,10122,9591,19713,2887,2551,5438,13009,12142,25151,LATINA / TODOS,01-01-2004,2004
35 - 39,8718,8482,17200,2295,2032,4327,11013,10514,21527,LATINA / TODOS,01-01-2004,2004
40 - 44,7424,7775,15199,1478,1374,2852,8902,9149,18051,LATINA / TODOS,01-01-2004,2004
45 - 49,6274,6903,13177,934,960,1894,7208,7863,15071,LATINA / TODOS,01-01-2004,2004
50 - 54,5481,6582,12063,451,602,1053,5932,7184,13116,LATINA / TODOS,01-01-2004,2004
55 - 59,6607,9137,15744,219,348,567,6826,9485,16311,LATINA / TODOS,01-01-2004,2004
60 - 64,7514,9090,16604,115,196,311,7629,9286,16915,LATINA / TODOS,01-01-2004,2004
65 - 69,7317,8192,15509,72,142,214,7389,8334,15723,LATINA / TODOS,01-01-2004,2004
70 - 74,6165,7642,13807,59,85,144,6224,7727,13951,LATINA / TODOS,01-01-2004,2004
75 - 79,4250,6261,10511,33,52,85,4283,6313,10596,LATINA / TODOS,01-01-2004,2004
80 - 84,2452,4309,6761,22,37,59,2474,4346,6820,LATINA / TODOS,01-01-2004,2004
85 - 89,1080,2414,3494,5,17,22,1085,2431,3516,LATINA / TODOS,01-01-2004,2004
90 - 94,427,1005,1432,1,10,11,428,1015,1443,LATINA / TODOS,01-01-2004,2004
95 - 99,63,270,333,1,2,3,64,272,336,LATINA / TODOS,01-01-2004,2004
100 o más,7,31,38,0,2,2,7,33,40,LATINA / TODOS,01-01-2004,2004
No Consta,3,4,7,5,4,9,8,8,16,LATINA / TODOS,01-01-2004,2004
Total,92282,104763,197045,21026,20585,41611,113308,125348,238656,CARABANCHEL / TODOS,01-01-2004,2004
0 - 4,3869,3632,7501,1096,1039,2135,4965,4671,9636,CARABANCHEL / TODOS,01-01-2004,2004
5 - 9,3476,3375,6851,1130,1016,2146,4606,4391,8997,CARABANCHEL / TODOS,01-01-2004,2004
10 - 14,3787,3516,7303,1092,1062,2154,4879,4578,9457,CARABANCHEL / TODOS,01-01-2004,2004
15 - 19,4271,4121,8392,1131,1149,2280,5402,5270,10672,CARABANCHEL / TODOS,01-01-2004,2004
20 - 24,5698,5666,11364,2493,2690,5183,8191,8356,16547,CARABANCHEL / TODOS,01-01-2004,2004
25 - 29,8071,7748,15819,3671,3538,7209,11742,11286,23028,CARABANCHEL / TODOS,01-01-2004,2004
30 - 34,8364,8015,16379,3472,3103,6575,11836,11118,22954,CARABANCHEL / TODOS,01-01-2004,2004
35 - 39,7633,7768,15401,2802,2387,5189,10435,10155,20590,CARABANCHEL / TODOS,01-01-2004,2004
40 - 44,6879,7104,13983,1856,1702,3558,8735,8806,17541,CARABANCHEL / TODOS,01-01-2004,2004
45 - 49,5640,6116,11756,1117,1154,2271,6757,7270,14027,CARABANCHEL / TODOS,01-01-2004,2004
50 - 54,4986,5943,10929,604,676,1280,5590,6619,12209,CARABANCHEL / TODOS,01-01-2004,2004
55 - 59,5479,6687,12166,222,406,628,5701,7093,12794,CARABANCHEL / TODOS,01-01-2004,2004
60 - 64,5089,6395,11484,142,227,369,5231,6622,11853,CARABANCHEL / TODOS,01-01-2004,2004
65 - 69,5715,7209,12924,81,203,284,5796,7412,13208,CARABANCHEL / TODOS,01-01-2004,2004
70 - 74,5578,7537,13115,55,111,166,5633,7648,13281,CARABANCHEL / TODOS,01-01-2004,2004
75 - 79,3937,6070,10007,34,71,105,3971,6141,10112,CARABANCHEL / TODOS,01-01-2004,2004
80 - 84,2385,4220,6605,17,29,46,2402,4249,6651,CARABANCHEL / TODOS,01-01-2004,2004
85 - 89,953,2363,3316,9,8,17,962,2371,3333,CARABANCHEL / TODOS,01-01-2004,2004
90 - 94,385,987,1372,1,7,8,386,994,1380,CARABANCHEL / TODOS,01-01-2004,2004
95 - 99,79,247,326,0,3,3,79,250,329,CARABANCHEL / TODOS,01-01-2004,2004
100 o más,4,40,44,0,1,1,4,41,45,CARABANCHEL / TODOS,01-01-2004,2004
No Consta,4,4,8,1,3,4,5,7,12,CARABANCHEL / TODOS,01-01-2004,2004
Total,51436,57084,108520,10732,10554,21286,62168,67638,129806,USERA / TODOS,01-01-2004,2004
0 - 4,2571,2337,4908,545,595,1140,3116,2932,6048,USERA / TODOS,01-01-2004,2004
5 - 9,2197,2090,4287,564,516,1080,2761,2606,5367,USERA / TODOS,01-01-2004,2004
10 - 14,2258,2168,4426,563,563,1126,2821,2731,5552,USERA / TODOS,01-01-2004,2004
15 - 19,2563,2449,5012,628,553,1181,3191,3002,6193,USERA / TODOS,01-01-2004,2004
20 - 24,3157,3064,6221,1282,1350,2632,4439,4414,8853,USERA / TODOS,01-01-2004,2004
25 - 29,4432,4458,8890,1840,1794,3634,6272,6252,12524,USERA / TODOS,01-01-2004,2004
30 - 34,4837,4559,9396,1820,1622,3442,6657,6181,12838,USERA / TODOS,01-01-2004,2004
35 - 39,4421,4333,8754,1429,1255,2684,5850,5588,11438,USERA / TODOS,01-01-2004,2004
40 - 44,3988,4113,8101,919,891,1810,4907,5004,9911,USERA / TODOS,01-01-2004,2004
45 - 49,3239,3321,6560,592,550,1142,3831,3871,7702,USERA / TODOS,01-01-2004,2004
50 - 54,2631,2855,5486,261,327,588,2892,3182,6074,USERA / TODOS,01-01-2004,2004
55 - 59,2635,3082,5717,119,216,335,2754,3298,6052,USERA / TODOS,01-01-2004,2004
60 - 64,2282,2852,5134,61,118,179,2343,2970,5313,USERA / TODOS,01-01-2004,2004
65 - 69,2808,3762,6570,47,78,125,2855,3840,6695,USERA / TODOS,01-01-2004,2004
70 - 74,3164,4285,7449,29,70,99,3193,4355,7548,USERA / TODOS,01-01-2004,2004
75 - 79,2259,3309,5568,20,29,49,2279,3338,5617,USERA / TODOS,01-01-2004,2004
80 - 84,1333,2347,3680,7,11,18,1340,2358,3698,USERA / TODOS,01-01-2004,2004
85 - 89,485,1162,1647,4,13,17,489,1175,1664,USERA / TODOS,01-01-2004,2004
90 - 94,152,431,583,0,1,1,152,432,584,USERA / TODOS,01-01-2004,2004
95 - 99,23,96,119,0,0,0,23,96,119,USERA / TODOS,01-01-2004,2004
100 o más,1,11,12,0,0,0,1,11,12,USERA / TODOS,01-01-2004,2004
No Consta,0,0,0,2,2,4,2,2,4,USERA / TODOS,01-01-2004,2004
Total,100581,109549,210130,16597,15661,32258,117178,125210,242388,PUENTE DE VALLECAS / TODOS,01-01-2004,2004
0 - 4,4814,4632,9446,923,800,1723,5737,5432,11169,PUENTE DE VALLECAS / TODOS,01-01-2004,2004
5 - 9,4742,4462,9204,884,850,1734,5626,5312,10938,PUENTE DE VALLECAS / TODOS,01-01-2004,2004
10 - 14,5292,4871,10163,859,824,1683,6151,5695,11846,PUENTE DE VALLECAS / TODOS,01-01-2004,2004
15 - 19,5578,5324,10902,862,945,1807,6440,6269,12709,PUENTE DE VALLECAS / TODOS,01-01-2004,2004
20 - 24,6730,6410,13140,2171,2104,4275,8901,8514,17415,PUENTE DE VALLECAS / TODOS,01-01-2004,2004
25 - 29,8238,7805,16043,2852,2637,5489,11090,10442,21532,PUENTE DE VALLECAS / TODOS,01-01-2004,2004
30 - 34,8179,7795,15974,2846,2349,5195,11025,10144,21169,PUENTE DE VALLECAS / TODOS,01-01-2004,2004
35 - 39,9123,9185,18308,2072,1805,3877,11195,10990,22185,PUENTE DE VALLECAS / TODOS,01-01-2004,2004
40 - 44,8573,8858,17431,1412,1234,2646,9985,10092,20077,PUENTE DE VALLECAS / TODOS,01-01-2004,2004
45 - 49,6897,6976,13873,828,839,1667,7725,7815,15540,PUENTE DE VALLECAS / TODOS,01-01-2004,2004
50 - 54,5242,5420,10662,437,484,921,5679,5904,11583,PUENTE DE VALLECAS / TODOS,01-01-2004,2004
55 - 59,4960,5649,10609,179,313,492,5139,5962,11101,PUENTE DE VALLECAS / TODOS,01-01-2004,2004
60 - 64,4282,5300,9582,112,180,292,4394,5480,9874,PUENTE DE VALLECAS / TODOS,01-01-2004,2004
65 - 69,5118,6714,11832,67,123,190,5185,6837,12022,PUENTE DE VALLECAS / TODOS,01-01-2004,2004
70 - 74,5654,7384,13038,41,90,131,5695,7474,13169,PUENTE DE VALLECAS / TODOS,01-01-2004,2004
75 - 79,3868,5946,9814,24,44,68,3892,5990,9882,PUENTE DE VALLECAS / TODOS,01-01-2004,2004
80 - 84,2166,3865,6031,10,21,31,2176,3886,6062,PUENTE DE VALLECAS / TODOS,01-01-2004,2004
85 - 89,797,1972,2769,9,12,21,806,1984,2790,PUENTE DE VALLECAS / TODOS,01-01-2004,2004
90 - 94,278,771,1049,2,2,4,280,773,1053,PUENTE DE VALLECAS / TODOS,01-01-2004,2004
95 - 99,42,182,224,1,1,2,43,183,226,PUENTE DE VALLECAS / TODOS,01-01-2004,2004
100 o más,7,27,34,0,1,1,7,28,35,PUENTE DE VALLECAS / TODOS,01-01-2004,2004
No Consta,1,1,2,6,3,9,7,4,11,PUENTE DE VALLECAS / TODOS,01-01-2004,2004
Total,47403,52728,100131,3982,4354,8336,51385,57082,108467,MORATALAZ / TODOS,01-01-2004,2004
0 - 4,2137,2107,4244,182,201,383,2319,2308,4627,MORATALAZ / TODOS,01-01-2004,2004
5 - 9,2286,2098,4384,204,201,405,2490,2299,4789,MORATALAZ / TODOS,01-01-2004,2004
10 - 14,2248,2061,4309,197,206,403,2445,2267,4712,MORATALAZ / TODOS,01-01-2004,2004
15 - 19,2315,2227,4542,222,232,454,2537,2459,4996,MORATALAZ / TODOS,01-01-2004,2004
20 - 24,2903,2691,5594,486,560,1046,3389,3251,6640,MORATALAZ / TODOS,01-01-2004,2004
25 - 29,3905,3717,7622,739,752,1491,4644,4469,9113,MORATALAZ / TODOS,01-01-2004,2004
30 - 34,4297,4174,8471,664,664,1328,4961,4838,9799,MORATALAZ / TODOS,01-01-2004,2004
35 - 39,4161,4445,8606,500,483,983,4661,4928,9589,MORATALAZ / TODOS,01-01-2004,2004
40 - 44,3782,3924,7706,310,348,658,4092,4272,8364,MORATALAZ / TODOS,01-01-2004,2004
45 - 49,2856,3180,6036,199,248,447,3055,3428,6483,MORATALAZ / TODOS,01-01-2004,2004
50 - 54,2412,2856,5268,113,168,281,2525,3024,5549,MORATALAZ / TODOS,01-01-2004,2004
55 - 59,2530,3310,5840,54,76,130,2584,3386,5970,MORATALAZ / TODOS,01-01-2004,2004
60 - 64,2680,3462,6142,36,67,103,2716,3529,6245,MORATALAZ / TODOS,01-01-2004,2004
65 - 69,3087,3875,6962,35,64,99,3122,3939,7061,MORATALAZ / TODOS,01-01-2004,2004
70 - 74,2799,3402,6201,21,32,53,2820,3434,6254,MORATALAZ / TODOS,01-01-2004,2004
75 - 79,1653,2332,3985,10,23,33,1663,2355,4018,MORATALAZ / TODOS,01-01-2004,2004
80 - 84,819,1477,2296,7,14,21,826,1491,2317,MORATALAZ / TODOS,01-01-2004,2004
85 - 89,353,827,1180,3,8,11,356,835,1191,MORATALAZ / TODOS,01-01-2004,2004
90 - 94,145,448,593,0,4,4,145,452,597,MORATALAZ / TODOS,01-01-2004,2004
95 - 99,31,104,135,0,1,1,31,105,136,MORATALAZ / TODOS,01-01-2004,2004
100 o más,4,9,13,0,0,0,4,9,13,MORATALAZ / TODOS,01-01-2004,2004
No Consta,0,2,2,0,2,2,0,4,4,MORATALAZ / TODOS,01-01-2004,2004
Total,92559,107681,200240,16621,18215,34836,109180,125896,235076,CIUDAD LINEAL / TODOS,01-01-2004,2004
0 - 4,4250,4043,8293,868,872,1740,5118,4915,10033,CIUDAD LINEAL / TODOS,01-01-2004,2004
5 - 9,3967,3695,7662,927,817,1744,4894,4512,9406,CIUDAD LINEAL / TODOS,01-01-2004,2004
10 - 14,4015,3813,7828,903,895,1798,4918,4708,9626,CIUDAD LINEAL / TODOS,01-01-2004,2004
15 - 19,4363,4214,8577,855,946,1801,5218,5160,10378,CIUDAD LINEAL / TODOS,01-01-2004,2004
20 - 24,5484,5337,10821,1909,2232,4141,7393,7569,14962,CIUDAD LINEAL / TODOS,01-01-2004,2004
25 - 29,7619,7252,14871,2692,2995,5687,10311,10247,20558,CIUDAD LINEAL / TODOS,01-01-2004,2004
30 - 34,7943,7901,15844,2756,2748,5504,10699,10649,21348,CIUDAD LINEAL / TODOS,01-01-2004,2004
35 - 39,7756,8450,16206,2111,2171,4282,9867,10621,20488,CIUDAD LINEAL / TODOS,01-01-2004,2004
40 - 44,7108,7969,15077,1447,1556,3003,8555,9525,18080,CIUDAD LINEAL / TODOS,01-01-2004,2004
45 - 49,6113,7123,13236,905,1105,2010,7018,8228,15246,CIUDAD LINEAL / TODOS,01-01-2004,2004
50 - 54,5218,6385,11603,513,685,1198,5731,7070,12801,CIUDAD LINEAL / TODOS,01-01-2004,2004
55 - 59,5428,6884,12312,265,424,689,5693,7308,13001,CIUDAD LINEAL / TODOS,01-01-2004,2004
60 - 64,4854,6381,11235,157,273,430,5011,6654,11665,CIUDAD LINEAL / TODOS,01-01-2004,2004
65 - 69,5256,7198,12454,119,175,294,5375,7373,12748,CIUDAD LINEAL / TODOS,01-01-2004,2004
70 - 74,5602,7496,13098,82,122,204,5684,7618,13302,CIUDAD LINEAL / TODOS,01-01-2004,2004
75 - 79,4010,5952,9962,66,84,150,4076,6036,10112,CIUDAD LINEAL / TODOS,01-01-2004,2004
80 - 84,2196,4100,6296,25,61,86,2221,4161,6382,CIUDAD LINEAL / TODOS,01-01-2004,2004
85 - 89,963,2255,3218,12,23,35,975,2278,3253,CIUDAD LINEAL / TODOS,01-01-2004,2004
90 - 94,354,964,1318,2,20,22,356,984,1340,CIUDAD LINEAL / TODOS,01-01-2004,2004
95 - 99,51,233,284,0,4,4,51,237,288,CIUDAD LINEAL / TODOS,01-01-2004,2004
100 o más,6,32,38,0,1,1,6,33,39,CIUDAD LINEAL / TODOS,01-01-2004,2004
No Consta,3,4,7,7,6,13,10,10,20,CIUDAD LINEAL / TODOS,01-01-2004,2004
Total,67352,72226,139578,6347,7232,13579,73699,79458,153157,HORTALEZA / TODOS,01-01-2004,2004
0 - 4,3161,3010,6171,304,303,607,3465,3313,6778,HORTALEZA / TODOS,01-01-2004,2004
5 - 9,3221,2963,6184,403,393,796,3624,3356,6980,HORTALEZA / TODOS,01-01-2004,2004
10 - 14,3411,3256,6667,446,400,846,3857,3656,7513,HORTALEZA / TODOS,01-01-2004,2004
15 - 19,3683,3450,7133,381,403,784,4064,3853,7917,HORTALEZA / TODOS,01-01-2004,2004
20 - 24,4568,4399,8967,579,718,1297,5147,5117,10264,HORTALEZA / TODOS,01-01-2004,2004
25 - 29,6078,5644,11722,792,1038,1830,6870,6682,13552,HORTALEZA / TODOS,01-01-2004,2004
30 - 34,5648,5609,11257,907,991,1898,6555,6600,13155,HORTALEZA / TODOS,01-01-2004,2004
35 - 39,5434,5727,11161,787,895,1682,6221,6622,12843,HORTALEZA / TODOS,01-01-2004,2004
40 - 44,5427,5750,11177,635,675,1310,6062,6425,12487,HORTALEZA / TODOS,01-01-2004,2004
45 - 49,4647,4950,9597,417,495,912,5064,5445,10509,HORTALEZA / TODOS,01-01-2004,2004
50 - 54,4012,4771,8783,248,345,593,4260,5116,9376,HORTALEZA / TODOS,01-01-2004,2004
55 - 59,4498,5305,9803,189,218,407,4687,5523,10210,HORTALEZA / TODOS,01-01-2004,2004
60 - 64,4055,4197,8252,95,133,228,4150,4330,8480,HORTALEZA / TODOS,01-01-2004,2004
65 - 69,3263,3805,7068,65,80,145,3328,3885,7213,HORTALEZA / TODOS,01-01-2004,2004
70 - 74,2947,3519,6466,44,64,108,2991,3583,6574,HORTALEZA / TODOS,01-01-2004,2004
75 - 79,1817,2541,4358,28,32,60,1845,2573,4418,HORTALEZA / TODOS,01-01-2004,2004
80 - 84,925,1708,2633,12,20,32,937,1728,2665,HORTALEZA / TODOS,01-01-2004,2004
85 - 89,371,997,1368,6,13,19,377,1010,1387,HORTALEZA / TODOS,01-01-2004,2004
90 - 94,164,487,651,3,10,13,167,497,664,HORTALEZA / TODOS,01-01-2004,2004
95 - 99,17,122,139,4,3,7,21,125,146,HORTALEZA / TODOS,01-01-2004,2004
100 o más,4,14,18,0,1,1,4,15,19,HORTALEZA / TODOS,01-01-2004,2004
No Consta,1,2,3,2,2,4,3,4,7,HORTALEZA / TODOS,01-01-2004,2004
Total,57586,61424,119010,11378,10613,21991,68964,72037,141001,VILLAVERDE / TODOS,01-01-2004,2004
0 - 4,2911,2921,5832,693,645,1338,3604,3566,7170,VILLAVERDE / TODOS,01-01-2004,2004
5 - 9,2608,2493,5101,666,676,1342,3274,3169,6443,VILLAVERDE / TODOS,01-01-2004,2004
10 - 14,2629,2556,5185,573,666,1239,3202,3222,6424,VILLAVERDE / TODOS,01-01-2004,2004
15 - 19,2917,2802,5719,631,667,1298,3548,3469,7017,VILLAVERDE / TODOS,01-01-2004,2004
20 - 24,3636,3583,7219,1308,1307,2615,4944,4890,9834,VILLAVERDE / TODOS,01-01-2004,2004
25 - 29,5140,4932,10072,1977,1790,3767,7117,6722,13839,VILLAVERDE / TODOS,01-01-2004,2004
30 - 34,5314,5112,10426,1871,1568,3439,7185,6680,13865,VILLAVERDE / TODOS,01-01-2004,2004
35 - 39,5469,5281,10750,1491,1169,2660,6960,6450,13410,VILLAVERDE / TODOS,01-01-2004,2004
40 - 44,4629,4473,9102,975,773,1748,5604,5246,10850,VILLAVERDE / TODOS,01-01-2004,2004
45 - 49,3294,3355,6649,602,526,1128,3896,3881,7777,VILLAVERDE / TODOS,01-01-2004,2004
50 - 54,2722,2985,5707,286,327,613,3008,3312,6320,VILLAVERDE / TODOS,01-01-2004,2004
55 - 59,3062,3588,6650,132,179,311,3194,3767,6961,VILLAVERDE / TODOS,01-01-2004,2004
60 - 64,2897,3527,6424,66,111,177,2963,3638,6601,VILLAVERDE / TODOS,01-01-2004,2004
65 - 69,3508,4204,7712,46,94,140,3554,4298,7852,VILLAVERDE / TODOS,01-01-2004,2004
70 - 74,3318,3895,7213,29,56,85,3347,3951,7298,VILLAVERDE / TODOS,01-01-2004,2004
75 - 79,1999,2782,4781,23,38,61,2022,2820,4842,VILLAVERDE / TODOS,01-01-2004,2004
80 - 84,1007,1646,2653,4,12,16,1011,1658,2669,VILLAVERDE / TODOS,01-01-2004,2004
85 - 89,368,776,1144,4,5,9,372,781,1153,VILLAVERDE / TODOS,01-01-2004,2004
90 - 94,133,402,535,1,2,3,134,404,538,VILLAVERDE / TODOS,01-01-2004,2004
95 - 99,22,93,115,0,0,0,22,93,115,VILLAVERDE / TODOS,01-01-2004,2004
100 o más,3,17,20,0,0,0,3,17,20,VILLAVERDE / TODOS,01-01-2004,2004
No Consta,0,1,1,0,2,2,0,3,3,VILLAVERDE / TODOS,01-01-2004,2004
Total,28605,29847,58452,3588,3363,6951,32193,33210,65403,VILLA DE VALLECAS / TODOS,01-01-2004,2004
0 - 4,1535,1397,2932,240,256,496,1775,1653,3428,VILLA DE VALLECAS / TODOS,01-01-2004,2004
5 - 9,1460,1370,2830,193,195,388,1653,1565,3218,VILLA DE VALLECAS / TODOS,01-01-2004,2004
10 - 14,1696,1503,3199,219,176,395,1915,1679,3594,VILLA DE VALLECAS / TODOS,01-01-2004,2004
15 - 19,1757,1718,3475,200,219,419,1957,1937,3894,VILLA DE VALLECAS / TODOS,01-01-2004,2004
20 - 24,2111,2085,4196,458,432,890,2569,2517,5086,VILLA DE VALLECAS / TODOS,01-01-2004,2004
25 - 29,2666,2631,5297,604,570,1174,3270,3201,6471,VILLA DE VALLECAS / TODOS,01-01-2004,2004
30 - 34,2374,2339,4713,567,474,1041,2941,2813,5754,VILLA DE VALLECAS / TODOS,01-01-2004,2004
35 - 39,2408,2432,4840,432,348,780,2840,2780,5620,VILLA DE VALLECAS / TODOS,01-01-2004,2004
40 - 44,2422,2559,4981,277,249,526,2699,2808,5507,VILLA DE VALLECAS / TODOS,01-01-2004,2004
45 - 49,2042,2083,4125,191,175,366,2233,2258,4491,VILLA DE VALLECAS / TODOS,01-01-2004,2004
50 - 54,1779,1938,3717,103,98,201,1882,2036,3918,VILLA DE VALLECAS / TODOS,01-01-2004,2004
55 - 59,1716,1736,3452,35,58,93,1751,1794,3545,VILLA DE VALLECAS / TODOS,01-01-2004,2004
60 - 64,1233,1296,2529,30,34,64,1263,1330,2593,VILLA DE VALLECAS / TODOS,01-01-2004,2004
65 - 69,1192,1416,2608,13,35,48,1205,1451,2656,VILLA DE VALLECAS / TODOS,01-01-2004,2004
70 - 74,1030,1271,2301,11,14,25,1041,1285,2326,VILLA DE VALLECAS / TODOS,01-01-2004,2004
75 - 79,641,925,1566,7,19,26,648,944,1592,VILLA DE VALLECAS / TODOS,01-01-2004,2004
80 - 84,356,629,985,6,3,9,362,632,994,VILLA DE VALLECAS / TODOS,01-01-2004,2004
85 - 89,135,345,480,1,4,5,136,349,485,VILLA DE VALLECAS / TODOS,01-01-2004,2004
90 - 94,42,145,187,1,2,3,43,147,190,VILLA DE VALLECAS / TODOS,01-01-2004,2004
95 - 99,10,29,39,0,1,1,10,30,40,VILLA DE VALLECAS / TODOS,01-01-2004,2004
No Consta,0,0,0,0,1,1,0,1,1,VILLA DE VALLECAS / TODOS,01-01-2004,2004
Total,27245,27689,54934,3172,3203,6375,30417,30892,61309,VICALVARO / TODOS,01-01-2004,2004
0 - 4,1718,1651,3369,177,159,336,1895,1810,3705,VICALVARO / TODOS,01-01-2004,2004
5 - 9,1580,1499,3079,144,166,310,1724,1665,3389,VICALVARO / TODOS,01-01-2004,2004
10 - 14,1433,1335,2768,164,164,328,1597,1499,3096,VICALVARO / TODOS,01-01-2004,2004
15 - 19,1388,1254,2642,177,183,360,1565,1437,3002,VICALVARO / TODOS,01-01-2004,2004
20 - 24,1479,1447,2926,383,439,822,1862,1886,3748,VICALVARO / TODOS,01-01-2004,2004
25 - 29,2265,2380,4645,564,569,1133,2829,2949,5778,VICALVARO / TODOS,01-01-2004,2004
30 - 34,3131,2970,6101,498,428,926,3629,3398,7027,VICALVARO / TODOS,01-01-2004,2004
35 - 39,3045,2936,5981,399,372,771,3444,3308,6752,VICALVARO / TODOS,01-01-2004,2004
40 - 44,2517,2408,4925,283,253,536,2800,2661,5461,VICALVARO / TODOS,01-01-2004,2004
45 - 49,1629,1628,3257,185,190,375,1814,1818,3632,VICALVARO / TODOS,01-01-2004,2004
50 - 54,1168,1238,2406,83,80,163,1251,1318,2569,VICALVARO / TODOS,01-01-2004,2004
55 - 59,1148,1406,2554,53,72,125,1201,1478,2679,VICALVARO / TODOS,01-01-2004,2004
60 - 64,1344,1479,2823,17,47,64,1361,1526,2887,VICALVARO / TODOS,01-01-2004,2004
65 - 69,1374,1383,2757,15,37,52,1389,1420,2809,VICALVARO / TODOS,01-01-2004,2004
70 - 74,1018,1069,2087,9,19,28,1027,1088,2115,VICALVARO / TODOS,01-01-2004,2004
75 - 79,553,755,1308,12,11,23,565,766,1331,VICALVARO / TODOS,01-01-2004,2004
80 - 84,299,475,774,5,8,13,304,483,787,VICALVARO / TODOS,01-01-2004,2004
85 - 89,101,251,352,4,5,9,105,256,361,VICALVARO / TODOS,01-01-2004,2004
90 - 94,43,95,138,0,1,1,43,96,139,VICALVARO / TODOS,01-01-2004,2004
95 - 99,9,27,36,0,0,0,9,27,36,VICALVARO / TODOS,01-01-2004,2004
100 o más,2,3,5,0,0,0,2,3,5,VICALVARO / TODOS,01-01-2004,2004
No Consta,1,0,1,0,0,0,1,0,1,VICALVARO / TODOS,01-01-2004,2004
Total,64145,69365,133510,7502,6657,14159,71647,76022,147669,SAN BLAS-CANILLEJAS / TODOS,01-01-2004,2004
0 - 4,3763,3496,7259,313,312,625,4076,3808,7884,SAN BLAS-CANILLEJAS / TODOS,01-01-2004,2004
5 - 9,2971,2790,5761,386,378,764,3357,3168,6525,SAN BLAS-CANILLEJAS / TODOS,01-01-2004,2004
10 - 14,2971,2828,5799,324,317,641,3295,3145,6440,SAN BLAS-CANILLEJAS / TODOS,01-01-2004,2004
15 - 19,3065,2959,6024,382,336,718,3447,3295,6742,SAN BLAS-CANILLEJAS / TODOS,01-01-2004,2004
20 - 24,3641,3355,6996,857,821,1678,4498,4176,8674,SAN BLAS-CANILLEJAS / TODOS,01-01-2004,2004
25 - 29,4721,4661,9382,1419,1161,2580,6140,5822,11962,SAN BLAS-CANILLEJAS / TODOS,01-01-2004,2004
30 - 34,6205,6195,12400,1206,1006,2212,7411,7201,14612,SAN BLAS-CANILLEJAS / TODOS,01-01-2004,2004
35 - 39,6720,6583,13303,1026,781,1807,7746,7364,15110,SAN BLAS-CANILLEJAS / TODOS,01-01-2004,2004
40 - 44,5840,5693,11533,632,576,1208,6472,6269,12741,SAN BLAS-CANILLEJAS / TODOS,01-01-2004,2004
45 - 49,4293,4338,8631,415,362,777,4708,4700,9408,SAN BLAS-CANILLEJAS / TODOS,01-01-2004,2004
50 - 54,3257,3441,6698,256,257,513,3513,3698,7211,SAN BLAS-CANILLEJAS / TODOS,01-01-2004,2004
55 - 59,3077,3318,6395,129,140,269,3206,3458,6664,SAN BLAS-CANILLEJAS / TODOS,01-01-2004,2004
60 - 64,2538,3077,5615,69,77,146,2607,3154,5761,SAN BLAS-CANILLEJAS / TODOS,01-01-2004,2004
65 - 69,3064,4296,7360,30,47,77,3094,4343,7437,SAN BLAS-CANILLEJAS / TODOS,01-01-2004,2004
70 - 74,3552,4642,8194,28,49,77,3580,4691,8271,SAN BLAS-CANILLEJAS / TODOS,01-01-2004,2004
75 - 79,2538,3763,6301,15,19,34,2553,3782,6335,SAN BLAS-CANILLEJAS / TODOS,01-01-2004,2004
80 - 84,1294,2324,3618,7,6,13,1301,2330,3631,SAN BLAS-CANILLEJAS / TODOS,01-01-2004,2004
85 - 89,449,1037,1486,4,6,10,453,1043,1496,SAN BLAS-CANILLEJAS / TODOS,01-01-2004,2004
90 - 94,159,453,612,1,2,3,160,455,615,SAN BLAS-CANILLEJAS / TODOS,01-01-2004,2004
95 - 99,22,95,117,1,1,2,23,96,119,SAN BLAS-CANILLEJAS / TODOS,01-01-2004,2004
100 o más,4,17,21,0,0,0,4,17,21,SAN BLAS-CANILLEJAS / TODOS,01-01-2004,2004
No Consta,1,4,5,2,3,5,3,7,10,SAN BLAS-CANILLEJAS / TODOS,01-01-2004,2004
Total,18590,18962,37552,1960,1989,3949,20550,20951,41501,BARAJAS / TODOS,01-01-2004,2004
0 - 4,1018,974,1992,92,80,172,1110,1054,2164,BARAJAS / TODOS,01-01-2004,2004
5 - 9,893,795,1688,91,110,201,984,905,1889,BARAJAS / TODOS,01-01-2004,2004
10 - 14,825,805,1630,95,105,200,920,910,1830,BARAJAS / TODOS,01-01-2004,2004
15 - 19,999,927,1926,115,110,225,1114,1037,2151,BARAJAS / TODOS,01-01-2004,2004
20 - 24,1440,1305,2745,216,218,434,1656,1523,3179,BARAJAS / TODOS,01-01-2004,2004
25 - 29,1906,1760,3666,264,304,568,2170,2064,4234,BARAJAS / TODOS,01-01-2004,2004
30 - 34,1870,1866,3736,295,290,585,2165,2156,4321,BARAJAS / TODOS,01-01-2004,2004
35 - 39,1626,1642,3268,273,226,499,1899,1868,3767,BARAJAS / TODOS,01-01-2004,2004
40 - 44,1391,1408,2799,209,201,410,1600,1609,3209,BARAJAS / TODOS,01-01-2004,2004
45 - 49,1210,1231,2441,102,135,237,1312,1366,2678,BARAJAS / TODOS,01-01-2004,2004
50 - 54,1156,1440,2596,90,66,156,1246,1506,2752,BARAJAS / TODOS,01-01-2004,2004
55 - 59,1306,1449,2755,48,52,100,1354,1501,2855,BARAJAS / TODOS,01-01-2004,2004
60 - 64,998,997,1995,29,34,63,1027,1031,2058,BARAJAS / TODOS,01-01-2004,2004
65 - 69,741,668,1409,16,19,35,757,687,1444,BARAJAS / TODOS,01-01-2004,2004
70 - 74,525,582,1107,8,6,14,533,588,1121,BARAJAS / TODOS,01-01-2004,2004
75 - 79,358,461,819,5,14,19,363,475,838,BARAJAS / TODOS,01-01-2004,2004
80 - 84,217,360,577,8,11,19,225,371,596,BARAJAS / TODOS,01-01-2004,2004
85 - 89,87,177,264,2,4,6,89,181,270,BARAJAS / TODOS,01-01-2004,2004
90 - 94,20,90,110,1,2,3,21,92,113,BARAJAS / TODOS,01-01-2004,2004
95 - 99,3,22,25,1,2,3,4,24,28,BARAJAS / TODOS,01-01-2004,2004
100 o más,1,3,4,0,0,0,1,3,4,BARAJAS / TODOS,01-01-2004,2004
Total,50569,58433,109002,23392,20169,43561,73961,78602,152563,CENTRO / TODOS,01-01-2005,2005
0 - 4,1890,1779,3669,918,884,1802,2808,2663,5471,CENTRO / TODOS,01-01-2005,2005
5 - 9,1492,1508,3000,759,699,1458,2251,2207,4458,CENTRO / TODOS,01-01-2005,2005
10 - 14,1436,1322,2758,828,702,1530,2264,2024,4288,CENTRO / TODOS,01-01-2005,2005
15 - 19,1571,1493,3064,866,816,1682,2437,2309,4746,CENTRO / TODOS,01-01-2005,2005
20 - 24,2237,2207,4444,2220,2060,4280,4457,4267,8724,CENTRO / TODOS,01-01-2005,2005
25 - 29,4365,4254,8619,4381,3693,8074,8746,7947,16693,CENTRO / TODOS,01-01-2005,2005
30 - 34,5814,5444,11258,4478,3481,7959,10292,8925,19217,CENTRO / TODOS,01-01-2005,2005
35 - 39,5429,4816,10245,3442,2499,5941,8871,7315,16186,CENTRO / TODOS,01-01-2005,2005
40 - 44,4840,4446,9286,2345,1864,4209,7185,6310,13495,CENTRO / TODOS,01-01-2005,2005
45 - 49,4065,4229,8294,1368,1258,2626,5433,5487,10920,CENTRO / TODOS,01-01-2005,2005
50 - 54,3191,3508,6699,788,876,1664,3979,4384,8363,CENTRO / TODOS,01-01-2005,2005
55 - 59,3059,3321,6380,440,513,953,3499,3834,7333,CENTRO / TODOS,01-01-2005,2005
60 - 64,2647,3071,5718,207,310,517,2854,3381,6235,CENTRO / TODOS,01-01-2005,2005
65 - 69,2053,2852,4905,145,180,325,2198,3032,5230,CENTRO / TODOS,01-01-2005,2005
70 - 74,2261,3630,5891,93,147,240,2354,3777,6131,CENTRO / TODOS,01-01-2005,2005
75 - 79,1958,3760,5718,62,86,148,2020,3846,5866,CENTRO / TODOS,01-01-2005,2005
80 - 84,1341,3282,4623,20,55,75,1361,3337,4698,CENTRO / TODOS,01-01-2005,2005
85 - 89,590,2167,2757,13,22,35,603,2189,2792,CENTRO / TODOS,01-01-2005,2005
90 - 94,253,1013,1266,6,13,19,259,1026,1285,CENTRO / TODOS,01-01-2005,2005
95 - 99,62,285,347,5,1,6,67,286,353,CENTRO / TODOS,01-01-2005,2005
100 o más,10,43,53,1,2,3,11,45,56,CENTRO / TODOS,01-01-2005,2005
No Consta,5,3,8,7,8,15,12,11,23,CENTRO / TODOS,01-01-2005,2005
Total,56755,67249,124004,12069,12740,24809,68824,79989,148813,ARGANZUELA / TODOS,01-01-2005,2005
0 - 4,2882,2663,5545,567,573,1140,3449,3236,6685,ARGANZUELA / TODOS,01-01-2005,2005
5 - 9,2519,2366,4885,521,541,1062,3040,2907,5947,ARGANZUELA / TODOS,01-01-2005,2005
10 - 14,2299,2277,4576,568,546,1114,2867,2823,5690,ARGANZUELA / TODOS,01-01-2005,2005
15 - 19,2605,2500,5105,562,607,1169,3167,3107,6274,ARGANZUELA / TODOS,01-01-2005,2005
20 - 24,3437,3222,6659,1279,1431,2710,4716,4653,9369,ARGANZUELA / TODOS,01-01-2005,2005
25 - 29,4234,4117,8351,2136,2281,4417,6370,6398,12768,ARGANZUELA / TODOS,01-01-2005,2005
30 - 34,4742,5163,9905,2111,2000,4111,6853,7163,14016,ARGANZUELA / TODOS,01-01-2005,2005
35 - 39,5280,5450,10730,1582,1516,3098,6862,6966,13828,ARGANZUELA / TODOS,01-01-2005,2005
40 - 44,5038,5673,10711,1139,1159,2298,6177,6832,13009,ARGANZUELA / TODOS,01-01-2005,2005
45 - 49,4625,5610,10235,770,779,1549,5395,6389,11784,ARGANZUELA / TODOS,01-01-2005,2005
50 - 54,4012,4655,8667,377,509,886,4389,5164,9553,ARGANZUELA / TODOS,01-01-2005,2005
55 - 59,3431,4105,7536,182,310,492,3613,4415,8028,ARGANZUELA / TODOS,01-01-2005,2005
60 - 64,2743,3516,6259,96,151,247,2839,3667,6506,ARGANZUELA / TODOS,01-01-2005,2005
65 - 69,2162,3105,5267,59,142,201,2221,3247,5468,ARGANZUELA / TODOS,01-01-2005,2005
70 - 74,2442,3700,6142,53,104,157,2495,3804,6299,ARGANZUELA / TODOS,01-01-2005,2005
75 - 79,2014,3492,5506,31,45,76,2045,3537,5582,ARGANZUELA / TODOS,01-01-2005,2005
80 - 84,1306,2856,4162,19,27,46,1325,2883,4208,ARGANZUELA / TODOS,01-01-2005,2005
85 - 89,650,1751,2401,8,10,18,658,1761,2419,ARGANZUELA / TODOS,01-01-2005,2005
90 - 94,269,805,1074,1,5,6,270,810,1080,ARGANZUELA / TODOS,01-01-2005,2005
95 - 99,60,201,261,2,0,2,62,201,263,ARGANZUELA / TODOS,01-01-2005,2005
100 o más,2,20,22,0,0,0,2,20,22,ARGANZUELA / TODOS,01-01-2005,2005
No Consta,3,2,5,6,4,10,9,6,15,ARGANZUELA / TODOS,01-01-2005,2005
Total,52481,62662,115143,5406,6792,12198,57887,69454,127341,RETIRO / TODOS,01-01-2005,2005
0 - 4,2267,2171,4438,194,170,364,2461,2341,4802,RETIRO / TODOS,01-01-2005,2005
5 - 9,2185,2052,4237,247,253,500,2432,2305,4737,RETIRO / TODOS,01-01-2005,2005
10 - 14,2192,2228,4420,238,237,475,2430,2465,4895,RETIRO / TODOS,01-01-2005,2005
15 - 19,2522,2548,5070,212,266,478,2734,2814,5548,RETIRO / TODOS,01-01-2005,2005
20 - 24,3481,3303,6784,497,667,1164,3978,3970,7948,RETIRO / TODOS,01-01-2005,2005
25 - 29,4509,4326,8835,918,1214,2132,5427,5540,10967,RETIRO / TODOS,01-01-2005,2005
30 - 34,4351,4188,8539,885,1092,1977,5236,5280,10516,RETIRO / TODOS,01-01-2005,2005
35 - 39,3925,4174,8099,741,825,1566,4666,4999,9665,RETIRO / TODOS,01-01-2005,2005
40 - 44,3786,4292,8078,507,619,1126,4293,4911,9204,RETIRO / TODOS,01-01-2005,2005
45 - 49,3639,4587,8226,349,481,830,3988,5068,9056,RETIRO / TODOS,01-01-2005,2005
50 - 54,3458,4535,7993,184,338,522,3642,4873,8515,RETIRO / TODOS,01-01-2005,2005
55 - 59,3598,4541,8139,147,201,348,3745,4742,8487,RETIRO / TODOS,01-01-2005,2005
60 - 64,3274,3991,7265,99,145,244,3373,4136,7509,RETIRO / TODOS,01-01-2005,2005
65 - 69,2425,3284,5709,72,102,174,2497,3386,5883,RETIRO / TODOS,01-01-2005,2005
70 - 74,2495,3671,6166,45,59,104,2540,3730,6270,RETIRO / TODOS,01-01-2005,2005
75 - 79,2059,3389,5448,31,40,71,2090,3429,5519,RETIRO / TODOS,01-01-2005,2005
80 - 84,1319,2716,4035,17,40,57,1336,2756,4092,RETIRO / TODOS,01-01-2005,2005
85 - 89,676,1581,2257,7,17,24,683,1598,2281,RETIRO / TODOS,01-01-2005,2005
90 - 94,249,824,1073,8,14,22,257,838,1095,RETIRO / TODOS,01-01-2005,2005
95 - 99,63,227,290,3,7,10,66,234,300,RETIRO / TODOS,01-01-2005,2005
100 o más,7,32,39,2,2,4,9,34,43,RETIRO / TODOS,01-01-2005,2005
No Consta,1,2,3,3,3,6,4,5,9,RETIRO / TODOS,01-01-2005,2005
Total,57958,73681,131639,9174,12122,21296,67132,85803,152935,SALAMANCA / TODOS,01-01-2005,2005
0 - 4,2636,2565,5201,363,345,708,2999,2910,5909,SALAMANCA / TODOS,01-01-2005,2005
5 - 9,2369,2292,4661,368,331,699,2737,2623,5360,SALAMANCA / TODOS,01-01-2005,2005
10 - 14,2309,2206,4515,385,351,736,2694,2557,5251,SALAMANCA / TODOS,01-01-2005,2005
15 - 19,2553,2478,5031,441,384,825,2994,2862,5856,SALAMANCA / TODOS,01-01-2005,2005
20 - 24,3220,3244,6464,851,1096,1947,4071,4340,8411,SALAMANCA / TODOS,01-01-2005,2005
25 - 29,4614,4766,9380,1500,2101,3601,6114,6867,12981,SALAMANCA / TODOS,01-01-2005,2005
30 - 34,5113,5136,10249,1604,2029,3633,6717,7165,13882,SALAMANCA / TODOS,01-01-2005,2005
35 - 39,4709,5082,9791,1196,1551,2747,5905,6633,12538,SALAMANCA / TODOS,01-01-2005,2005
40 - 44,4447,5033,9480,853,1164,2017,5300,6197,11497,SALAMANCA / TODOS,01-01-2005,2005
45 - 49,4027,4925,8952,509,932,1441,4536,5857,10393,SALAMANCA / TODOS,01-01-2005,2005
50 - 54,3623,4727,8350,348,639,987,3971,5366,9337,SALAMANCA / TODOS,01-01-2005,2005
55 - 59,3640,4859,8499,257,451,708,3897,5310,9207,SALAMANCA / TODOS,01-01-2005,2005
60 - 64,3382,4641,8023,152,242,394,3534,4883,8417,SALAMANCA / TODOS,01-01-2005,2005
65 - 69,2555,4070,6625,129,164,293,2684,4234,6918,SALAMANCA / TODOS,01-01-2005,2005
70 - 74,3043,4870,7913,80,106,186,3123,4976,8099,SALAMANCA / TODOS,01-01-2005,2005
75 - 79,2574,4579,7153,62,82,144,2636,4661,7297,SALAMANCA / TODOS,01-01-2005,2005
80 - 84,1777,3845,5622,36,65,101,1813,3910,5723,SALAMANCA / TODOS,01-01-2005,2005
85 - 89,861,2578,3439,20,37,57,881,2615,3496,SALAMANCA / TODOS,01-01-2005,2005
90 - 94,399,1309,1708,10,30,40,409,1339,1748,SALAMANCA / TODOS,01-01-2005,2005
95 - 99,94,409,503,3,13,16,97,422,519,SALAMANCA / TODOS,01-01-2005,2005
100 o más,10,63,73,2,4,6,12,67,79,SALAMANCA / TODOS,01-01-2005,2005
No Consta,3,4,7,5,5,10,8,9,17,SALAMANCA / TODOS,01-01-2005,2005
Total,57090,69076,126166,7031,10215,17246,64121,79291,143412,CHAMARTIN / TODOS,01-01-2005,2005
0 - 4,2953,2772,5725,274,317,591,3227,3089,6316,CHAMARTIN / TODOS,01-01-2005,2005
5 - 9,2962,2668,5630,324,270,594,3286,2938,6224,CHAMARTIN / TODOS,01-01-2005,2005
10 - 14,2760,2588,5348,274,317,591,3034,2905,5939,CHAMARTIN / TODOS,01-01-2005,2005
15 - 19,2888,2776,5664,337,371,708,3225,3147,6372,CHAMARTIN / TODOS,01-01-2005,2005
20 - 24,3313,3194,6507,577,952,1529,3890,4146,8036,CHAMARTIN / TODOS,01-01-2005,2005
25 - 29,4180,4181,8361,955,1587,2542,5135,5768,10903,CHAMARTIN / TODOS,01-01-2005,2005
30 - 34,4704,4833,9537,1147,1617,2764,5851,6450,12301,CHAMARTIN / TODOS,01-01-2005,2005
35 - 39,4365,4771,9136,906,1314,2220,5271,6085,11356,CHAMARTIN / TODOS,01-01-2005,2005
40 - 44,4187,4962,9149,704,957,1661,4891,5919,10810,CHAMARTIN / TODOS,01-01-2005,2005
45 - 49,3817,4875,8692,466,715,1181,4283,5590,9873,CHAMARTIN / TODOS,01-01-2005,2005
50 - 54,3613,4520,8133,293,546,839,3906,5066,8972,CHAMARTIN / TODOS,01-01-2005,2005
55 - 59,3595,4853,8448,225,382,607,3820,5235,9055,CHAMARTIN / TODOS,01-01-2005,2005
60 - 64,3272,4419,7691,163,278,441,3435,4697,8132,CHAMARTIN / TODOS,01-01-2005,2005
65 - 69,2622,3764,6386,142,173,315,2764,3937,6701,CHAMARTIN / TODOS,01-01-2005,2005
70 - 74,2765,4190,6955,96,129,225,2861,4319,7180,CHAMARTIN / TODOS,01-01-2005,2005
75 - 79,2359,3957,6316,59,116,175,2418,4073,6491,CHAMARTIN / TODOS,01-01-2005,2005
80 - 84,1639,2922,4561,41,63,104,1680,2985,4665,CHAMARTIN / TODOS,01-01-2005,2005
85 - 89,736,1734,2470,19,56,75,755,1790,2545,CHAMARTIN / TODOS,01-01-2005,2005
90 - 94,275,846,1121,15,32,47,290,878,1168,CHAMARTIN / TODOS,01-01-2005,2005
95 - 99,72,213,285,9,12,21,81,225,306,CHAMARTIN / TODOS,01-01-2005,2005
100 o más,10,37,47,1,3,4,11,40,51,CHAMARTIN / TODOS,01-01-2005,2005
No Consta,3,1,4,4,8,12,7,9,16,CHAMARTIN / TODOS,01-01-2005,2005
Total,54645,66869,121514,15019,16420,31439,69664,83289,152953,TETUAN / TODOS,01-01-2005,2005
0 - 4,2324,2200,4524,812,707,1519,3136,2907,6043,TETUAN / TODOS,01-01-2005,2005
5 - 9,2041,1840,3881,692,660,1352,2733,2500,5233,TETUAN / TODOS,01-01-2005,2005
10 - 14,1998,1912,3910,677,709,1386,2675,2621,5296,TETUAN / TODOS,01-01-2005,2005
15 - 19,2343,2345,4688,791,772,1563,3134,3117,6251,TETUAN / TODOS,01-01-2005,2005
20 - 24,3082,3074,6156,1522,1809,3331,4604,4883,9487,TETUAN / TODOS,01-01-2005,2005
25 - 29,4311,4481,8792,2573,2735,5308,6884,7216,14100,TETUAN / TODOS,01-01-2005,2005
30 - 34,5187,5026,10213,2521,2666,5187,7708,7692,15400,TETUAN / TODOS,01-01-2005,2005
35 - 39,4602,4797,9399,1969,1976,3945,6571,6773,13344,TETUAN / TODOS,01-01-2005,2005
40 - 44,4142,4718,8860,1424,1464,2888,5566,6182,11748,TETUAN / TODOS,01-01-2005,2005
45 - 49,3854,4712,8566,830,1086,1916,4684,5798,10482,TETUAN / TODOS,01-01-2005,2005
50 - 54,3183,4086,7269,491,726,1217,3674,4812,8486,TETUAN / TODOS,01-01-2005,2005
55 - 59,3181,4154,7335,288,414,702,3469,4568,8037,TETUAN / TODOS,01-01-2005,2005
60 - 64,3025,4009,7034,144,263,407,3169,4272,7441,TETUAN / TODOS,01-01-2005,2005
65 - 69,2619,3726,6345,108,149,257,2727,3875,6602,TETUAN / TODOS,01-01-2005,2005
70 - 74,3061,4803,7864,81,121,202,3142,4924,8066,TETUAN / TODOS,01-01-2005,2005
75 - 79,2719,4472,7191,46,87,133,2765,4559,7324,TETUAN / TODOS,01-01-2005,2005
80 - 84,1788,3468,5256,23,39,62,1811,3507,5318,TETUAN / TODOS,01-01-2005,2005
85 - 89,808,1874,2682,12,22,34,820,1896,2716,TETUAN / TODOS,01-01-2005,2005
90 - 94,312,912,1224,5,7,12,317,919,1236,TETUAN / TODOS,01-01-2005,2005
95 - 99,56,222,278,1,4,5,57,226,283,TETUAN / TODOS,01-01-2005,2005
100 o más,9,35,44,2,0,2,11,35,46,TETUAN / TODOS,01-01-2005,2005
No Consta,0,3,3,7,4,11,7,7,14,TETUAN / TODOS,01-01-2005,2005
Total,56332,73902,130234,9998,12792,22790,66330,86694,153024,CHAMBERI / TODOS,01-01-2005,2005
0 - 4,2306,2235,4541,440,400,840,2746,2635,5381,CHAMBERI / TODOS,01-01-2005,2005
5 - 9,2138,2047,4185,363,393,756,2501,2440,4941,CHAMBERI / TODOS,01-01-2005,2005
10 - 14,2145,1930,4075,418,374,792,2563,2304,4867,CHAMBERI / TODOS,01-01-2005,2005
15 - 19,2426,2437,4863,446,486,932,2872,2923,5795,CHAMBERI / TODOS,01-01-2005,2005
20 - 24,3193,3418,6611,898,1282,2180,4091,4700,8791,CHAMBERI / TODOS,01-01-2005,2005
25 - 29,4724,4990,9714,1689,2334,4023,6413,7324,13737,CHAMBERI / TODOS,01-01-2005,2005
30 - 34,5061,5216,10277,1827,2070,3897,6888,7286,14174,CHAMBERI / TODOS,01-01-2005,2005
35 - 39,4414,4719,9133,1343,1572,2915,5757,6291,12048,CHAMBERI / TODOS,01-01-2005,2005
40 - 44,4148,4727,8875,887,1208,2095,5035,5935,10970,CHAMBERI / TODOS,01-01-2005,2005
45 - 49,3874,5059,8933,635,904,1539,4509,5963,10472,CHAMBERI / TODOS,01-01-2005,2005
50 - 54,3700,4887,8587,384,639,1023,4084,5526,9610,CHAMBERI / TODOS,01-01-2005,2005
55 - 59,3723,4968,8691,227,405,632,3950,5373,9323,CHAMBERI / TODOS,01-01-2005,2005
60 - 64,3291,4647,7938,162,232,394,3453,4879,8332,CHAMBERI / TODOS,01-01-2005,2005
65 - 69,2509,3903,6412,88,161,249,2597,4064,6661,CHAMBERI / TODOS,01-01-2005,2005
70 - 74,2763,4777,7540,60,115,175,2823,4892,7715,CHAMBERI / TODOS,01-01-2005,2005
75 - 79,2504,4856,7360,40,82,122,2544,4938,7482,CHAMBERI / TODOS,01-01-2005,2005
80 - 84,1816,4379,6195,43,58,101,1859,4437,6296,CHAMBERI / TODOS,01-01-2005,2005
85 - 89,1048,2767,3815,21,35,56,1069,2802,3871,CHAMBERI / TODOS,01-01-2005,2005
90 - 94,454,1453,1907,17,27,44,471,1480,1951,CHAMBERI / TODOS,01-01-2005,2005
95 - 99,78,408,486,4,7,11,82,415,497,CHAMBERI / TODOS,01-01-2005,2005
100 o más,14,77,91,0,2,2,14,79,93,CHAMBERI / TODOS,01-01-2005,2005
No Consta,3,2,5,6,6,12,9,8,17,CHAMBERI / TODOS,01-01-2005,2005
Total,89972,99912,189884,8893,10390,19283,98865,110302,209167,FUENCARRAL-EL PARDO / TODOS,01-01-2005,2005
0 - 4,3998,3778,7776,425,440,865,4423,4218,8641,FUENCARRAL-EL PARDO / TODOS,01-01-2005,2005
5 - 9,4048,3872,7920,529,438,967,4577,4310,8887,FUENCARRAL-EL PARDO / TODOS,01-01-2005,2005
10 - 14,4204,4052,8256,542,521,1063,4746,4573,9319,FUENCARRAL-EL PARDO / TODOS,01-01-2005,2005
15 - 19,4974,4771,9745,512,459,971,5486,5230,10716,FUENCARRAL-EL PARDO / TODOS,01-01-2005,2005
20 - 24,6277,6141,12418,812,1063,1875,7089,7204,14293,FUENCARRAL-EL PARDO / TODOS,01-01-2005,2005
25 - 29,8304,7820,16124,1239,1534,2773,9543,9354,18897,FUENCARRAL-EL PARDO / TODOS,01-01-2005,2005
30 - 34,7428,7158,14586,1310,1469,2779,8738,8627,17365,FUENCARRAL-EL PARDO / TODOS,01-01-2005,2005
35 - 39,6314,6689,13003,1102,1306,2408,7416,7995,15411,FUENCARRAL-EL PARDO / TODOS,01-01-2005,2005
40 - 44,6203,7053,13256,855,990,1845,7058,8043,15101,FUENCARRAL-EL PARDO / TODOS,01-01-2005,2005
45 - 49,5901,7203,13104,556,717,1273,6457,7920,14377,FUENCARRAL-EL PARDO / TODOS,01-01-2005,2005
50 - 54,5909,7176,13085,360,539,899,6269,7715,13984,FUENCARRAL-EL PARDO / TODOS,01-01-2005,2005
55 - 59,6746,8014,14760,229,309,538,6975,8323,15298,FUENCARRAL-EL PARDO / TODOS,01-01-2005,2005
60 - 64,5974,6469,12443,143,182,325,6117,6651,12768,FUENCARRAL-EL PARDO / TODOS,01-01-2005,2005
65 - 69,4344,5064,9408,99,144,243,4443,5208,9651,FUENCARRAL-EL PARDO / TODOS,01-01-2005,2005
70 - 74,3947,4933,8880,87,108,195,4034,5041,9075,FUENCARRAL-EL PARDO / TODOS,01-01-2005,2005
75 - 79,2631,3955,6586,40,77,117,2671,4032,6703,FUENCARRAL-EL PARDO / TODOS,01-01-2005,2005
80 - 84,1740,2926,4666,21,48,69,1761,2974,4735,FUENCARRAL-EL PARDO / TODOS,01-01-2005,2005
85 - 89,685,1678,2363,15,21,36,700,1699,2399,FUENCARRAL-EL PARDO / TODOS,01-01-2005,2005
90 - 94,275,885,1160,6,15,21,281,900,1181,FUENCARRAL-EL PARDO / TODOS,01-01-2005,2005
95 - 99,60,233,293,2,2,4,62,235,297,FUENCARRAL-EL PARDO / TODOS,01-01-2005,2005
100 o más,6,40,46,0,1,1,6,41,47,FUENCARRAL-EL PARDO / TODOS,01-01-2005,2005
No Consta,4,2,6,9,7,16,13,9,22,FUENCARRAL-EL PARDO / TODOS,01-01-2005,2005
Total,48383,56180,104563,6870,8797,15667,55253,64977,120230,MONCLOA-ARAVACA / TODOS,01-01-2005,2005
0 - 4,2626,2568,5194,316,283,599,2942,2851,5793,MONCLOA-ARAVACA / TODOS,01-01-2005,2005
5 - 9,2359,2459,4818,269,316,585,2628,2775,5403,MONCLOA-ARAVACA / TODOS,01-01-2005,2005
10 - 14,2200,2168,4368,292,302,594,2492,2470,4962,MONCLOA-ARAVACA / TODOS,01-01-2005,2005
15 - 19,2350,2287,4637,287,327,614,2637,2614,5251,MONCLOA-ARAVACA / TODOS,01-01-2005,2005
20 - 24,2923,2933,5856,610,853,1463,3533,3786,7319,MONCLOA-ARAVACA / TODOS,01-01-2005,2005
25 - 29,3694,3695,7389,1090,1474,2564,4784,5169,9953,MONCLOA-ARAVACA / TODOS,01-01-2005,2005
30 - 34,3958,3934,7892,1144,1420,2564,5102,5354,10456,MONCLOA-ARAVACA / TODOS,01-01-2005,2005
35 - 39,3975,4271,8246,937,1093,2030,4912,5364,10276,MONCLOA-ARAVACA / TODOS,01-01-2005,2005
40 - 44,3902,4147,8049,710,852,1562,4612,4999,9611,MONCLOA-ARAVACA / TODOS,01-01-2005,2005
45 - 49,3523,3904,7427,496,673,1169,4019,4577,8596,MONCLOA-ARAVACA / TODOS,01-01-2005,2005
50 - 54,3104,3661,6765,295,453,748,3399,4114,7513,MONCLOA-ARAVACA / TODOS,01-01-2005,2005
55 - 59,3107,3708,6815,148,294,442,3255,4002,7257,MONCLOA-ARAVACA / TODOS,01-01-2005,2005
60 - 64,2636,3287,5923,102,148,250,2738,3435,6173,MONCLOA-ARAVACA / TODOS,01-01-2005,2005
65 - 69,2119,2873,4992,62,91,153,2181,2964,5145,MONCLOA-ARAVACA / TODOS,01-01-2005,2005
70 - 74,2256,3068,5324,45,79,124,2301,3147,5448,MONCLOA-ARAVACA / TODOS,01-01-2005,2005
75 - 79,1702,2756,4458,33,48,81,1735,2804,4539,MONCLOA-ARAVACA / TODOS,01-01-2005,2005
80 - 84,1092,2203,3295,18,38,56,1110,2241,3351,MONCLOA-ARAVACA / TODOS,01-01-2005,2005
85 - 89,550,1351,1901,8,26,34,558,1377,1935,MONCLOA-ARAVACA / TODOS,01-01-2005,2005
90 - 94,247,688,935,2,10,12,249,698,947,MONCLOA-ARAVACA / TODOS,01-01-2005,2005
95 - 99,48,197,245,2,4,6,50,201,251,MONCLOA-ARAVACA / TODOS,01-01-2005,2005
100 o más,9,19,28,0,1,1,9,20,29,MONCLOA-ARAVACA / TODOS,01-01-2005,2005
No Consta,3,3,6,4,12,16,7,15,22,MONCLOA-ARAVACA / TODOS,01-01-2005,2005
Total,104673,117067,221740,19536,18993,38529,124209,136060,260269,LATINA / TODOS,01-01-2005,2005
0 - 4,4154,3937,8091,951,898,1849,5105,4835,9940,LATINA / TODOS,01-01-2005,2005
5 - 9,3775,3569,7344,911,864,1775,4686,4433,9119,LATINA / TODOS,01-01-2005,2005
10 - 14,3787,3699,7486,929,925,1854,4716,4624,9340,LATINA / TODOS,01-01-2005,2005
15 - 19,4609,4236,8845,1017,1051,2068,5626,5287,10913,LATINA / TODOS,01-01-2005,2005
20 - 24,6205,5995,12200,2135,2273,4408,8340,8268,16608,LATINA / TODOS,01-01-2005,2005
25 - 29,9014,8428,17442,3505,3276,6781,12519,11704,24223,LATINA / TODOS,01-01-2005,2005
30 - 34,9683,9244,18927,3318,2919,6237,13001,12163,25164,LATINA / TODOS,01-01-2005,2005
35 - 39,8582,8264,16846,2614,2270,4884,11196,10534,21730,LATINA / TODOS,01-01-2005,2005
40 - 44,7438,7892,15330,1797,1647,3444,9235,9539,18774,LATINA / TODOS,01-01-2005,2005
45 - 49,6474,7072,13546,1123,1096,2219,7597,8168,15765,LATINA / TODOS,01-01-2005,2005
50 - 54,5380,6249,11629,595,719,1314,5975,6968,12943,LATINA / TODOS,01-01-2005,2005
55 - 59,6132,8465,14597,278,418,696,6410,8883,15293,LATINA / TODOS,01-01-2005,2005
60 - 64,7646,9689,17335,132,230,362,7778,9919,17697,LATINA / TODOS,01-01-2005,2005
65 - 69,6842,7853,14695,85,163,248,6927,8016,14943,LATINA / TODOS,01-01-2005,2005
70 - 74,6292,7763,14055,62,102,164,6354,7865,14219,LATINA / TODOS,01-01-2005,2005
75 - 79,4457,6335,10792,46,66,112,4503,6401,10904,LATINA / TODOS,01-01-2005,2005
80 - 84,2603,4538,7141,27,39,66,2630,4577,7207,LATINA / TODOS,01-01-2005,2005
85 - 89,1081,2436,3517,5,15,20,1086,2451,3537,LATINA / TODOS,01-01-2005,2005
90 - 94,426,1075,1501,1,15,16,427,1090,1517,LATINA / TODOS,01-01-2005,2005
95 - 99,82,291,373,0,1,1,82,292,374,LATINA / TODOS,01-01-2005,2005
100 o más,8,34,42,0,2,2,8,36,44,LATINA / TODOS,01-01-2005,2005
No Consta,3,3,6,5,4,9,8,7,15,LATINA / TODOS,01-01-2005,2005
Total,91393,104161,195554,24242,23027,47269,115635,127188,242823,CARABANCHEL / TODOS,01-01-2005,2005
0 - 4,4091,3920,8011,1202,1058,2260,5293,4978,10271,CARABANCHEL / TODOS,01-01-2005,2005
5 - 9,3486,3399,6885,1169,1104,2273,4655,4503,9158,CARABANCHEL / TODOS,01-01-2005,2005
10 - 14,3694,3494,7188,1205,1155,2360,4899,4649,9548,CARABANCHEL / TODOS,01-01-2005,2005
15 - 19,4109,3908,8017,1251,1272,2523,5360,5180,10540,CARABANCHEL / TODOS,01-01-2005,2005
20 - 24,5269,5201,10470,2740,2721,5461,8009,7922,15931,CARABANCHEL / TODOS,01-01-2005,2005
25 - 29,7480,7434,14914,4245,4086,8331,11725,11520,23245,CARABANCHEL / TODOS,01-01-2005,2005
30 - 34,8458,8068,16526,4094,3420,7514,12552,11488,24040,CARABANCHEL / TODOS,01-01-2005,2005
35 - 39,7685,7779,15464,3316,2793,6109,11001,10572,21573,CARABANCHEL / TODOS,01-01-2005,2005
40 - 44,6978,7229,14207,2204,2007,4211,9182,9236,18418,CARABANCHEL / TODOS,01-01-2005,2005
45 - 49,5920,6304,12224,1383,1336,2719,7303,7640,14943,CARABANCHEL / TODOS,01-01-2005,2005
50 - 54,4860,5801,10661,733,804,1537,5593,6605,12198,CARABANCHEL / TODOS,01-01-2005,2005
55 - 59,5356,6509,11865,298,483,781,5654,6992,12646,CARABANCHEL / TODOS,01-01-2005,2005
60 - 64,5289,6713,12002,161,283,444,5450,6996,12446,CARABANCHEL / TODOS,01-01-2005,2005
65 - 69,5146,6600,11746,94,208,302,5240,6808,12048,CARABANCHEL / TODOS,01-01-2005,2005
70 - 74,5545,7420,12965,72,148,220,5617,7568,13185,CARABANCHEL / TODOS,01-01-2005,2005
75 - 79,4069,6222,10291,42,78,120,4111,6300,10411,CARABANCHEL / TODOS,01-01-2005,2005
80 - 84,2525,4422,6947,23,47,70,2548,4469,7017,CARABANCHEL / TODOS,01-01-2005,2005
85 - 89,958,2376,3334,8,9,17,966,2385,3351,CARABANCHEL / TODOS,01-01-2005,2005
90 - 94,373,1053,1426,1,7,8,374,1060,1434,CARABANCHEL / TODOS,01-01-2005,2005
95 - 99,91,264,355,0,3,3,91,267,358,CARABANCHEL / TODOS,01-01-2005,2005
100 o más,7,43,50,1,2,3,8,45,53,CARABANCHEL / TODOS,01-01-2005,2005
No Consta,4,2,6,0,3,3,4,5,9,CARABANCHEL / TODOS,01-01-2005,2005
Total,51291,56976,108267,12907,12313,25220,64198,69289,133487,USERA / TODOS,01-01-2005,2005
0 - 4,2798,2532,5330,644,648,1292,3442,3180,6622,USERA / TODOS,01-01-2005,2005
5 - 9,2224,2144,4368,628,585,1213,2852,2729,5581,USERA / TODOS,01-01-2005,2005
10 - 14,2210,2107,4317,652,603,1255,2862,2710,5572,USERA / TODOS,01-01-2005,2005
15 - 19,2468,2367,4835,729,680,1409,3197,3047,6244,USERA / TODOS,01-01-2005,2005
20 - 24,2986,2931,5917,1466,1467,2933,4452,4398,8850,USERA / TODOS,01-01-2005,2005
25 - 29,4055,4151,8206,2229,2117,4346,6284,6268,12552,USERA / TODOS,01-01-2005,2005
30 - 34,4892,4643,9535,2176,1899,4075,7068,6542,13610,USERA / TODOS,01-01-2005,2005
35 - 39,4446,4302,8748,1764,1530,3294,6210,5832,12042,USERA / TODOS,01-01-2005,2005
40 - 44,4102,4182,8284,1129,1060,2189,5231,5242,10473,USERA / TODOS,01-01-2005,2005
45 - 49,3405,3463,6868,764,676,1440,4169,4139,8308,USERA / TODOS,01-01-2005,2005
50 - 54,2667,2875,5542,358,381,739,3025,3256,6281,USERA / TODOS,01-01-2005,2005
55 - 59,2607,3018,5625,154,268,422,2761,3286,6047,USERA / TODOS,01-01-2005,2005
60 - 64,2400,2975,5375,77,148,225,2477,3123,5600,USERA / TODOS,01-01-2005,2005
65 - 69,2487,3437,5924,60,97,157,2547,3534,6081,USERA / TODOS,01-01-2005,2005
70 - 74,3108,4204,7312,38,79,117,3146,4283,7429,USERA / TODOS,01-01-2005,2005
75 - 79,2348,3463,5811,26,40,66,2374,3503,5877,USERA / TODOS,01-01-2005,2005
80 - 84,1417,2404,3821,8,19,27,1425,2423,3848,USERA / TODOS,01-01-2005,2005
85 - 89,484,1206,1690,0,12,12,484,1218,1702,USERA / TODOS,01-01-2005,2005
90 - 94,156,458,614,3,2,5,159,460,619,USERA / TODOS,01-01-2005,2005
95 - 99,30,98,128,0,0,0,30,98,128,USERA / TODOS,01-01-2005,2005
100 o más,1,16,17,0,0,0,1,16,17,USERA / TODOS,01-01-2005,2005
No Consta,0,0,0,2,2,4,2,2,4,USERA / TODOS,01-01-2005,2005
Total,98697,107833,206530,19535,17881,37416,118232,125714,243946,PUENTE DE VALLECAS / TODOS,01-01-2005,2005
0 - 4,4933,4672,9605,1080,903,1983,6013,5575,11588,PUENTE DE VALLECAS / TODOS,01-01-2005,2005
5 - 9,4696,4375,9071,922,910,1832,5618,5285,10903,PUENTE DE VALLECAS / TODOS,01-01-2005,2005
10 - 14,5003,4656,9659,972,911,1883,5975,5567,11542,PUENTE DE VALLECAS / TODOS,01-01-2005,2005
15 - 19,5447,5101,10548,983,1022,2005,6430,6123,12553,PUENTE DE VALLECAS / TODOS,01-01-2005,2005
20 - 24,6405,6050,12455,2314,2237,4551,8719,8287,17006,PUENTE DE VALLECAS / TODOS,01-01-2005,2005
25 - 29,7647,7346,14993,3490,3094,6584,11137,10440,21577,PUENTE DE VALLECAS / TODOS,01-01-2005,2005
30 - 34,7863,7584,15447,3411,2739,6150,11274,10323,21597,PUENTE DE VALLECAS / TODOS,01-01-2005,2005
35 - 39,8635,8713,17348,2479,2080,4559,11114,10793,21907,PUENTE DE VALLECAS / TODOS,01-01-2005,2005
40 - 44,8600,8930,17530,1732,1487,3219,10332,10417,20749,PUENTE DE VALLECAS / TODOS,01-01-2005,2005
45 - 49,7224,7374,14598,1017,936,1953,8241,8310,16551,PUENTE DE VALLECAS / TODOS,01-01-2005,2005
50 - 54,5266,5470,10736,542,625,1167,5808,6095,11903,PUENTE DE VALLECAS / TODOS,01-01-2005,2005
55 - 59,4953,5549,10502,256,352,608,5209,5901,11110,PUENTE DE VALLECAS / TODOS,01-01-2005,2005
60 - 64,4501,5412,9913,136,228,364,4637,5640,10277,PUENTE DE VALLECAS / TODOS,01-01-2005,2005
65 - 69,4629,6137,10766,80,146,226,4709,6283,10992,PUENTE DE VALLECAS / TODOS,01-01-2005,2005
70 - 74,5422,7287,12709,57,108,165,5479,7395,12874,PUENTE DE VALLECAS / TODOS,01-01-2005,2005
75 - 79,4008,6090,10098,30,54,84,4038,6144,10182,PUENTE DE VALLECAS / TODOS,01-01-2005,2005
80 - 84,2326,4075,6401,16,25,41,2342,4100,6442,PUENTE DE VALLECAS / TODOS,01-01-2005,2005
85 - 89,806,1991,2797,8,15,23,814,2006,2820,PUENTE DE VALLECAS / TODOS,01-01-2005,2005
90 - 94,273,806,1079,2,4,6,275,810,1085,PUENTE DE VALLECAS / TODOS,01-01-2005,2005
95 - 99,49,187,236,2,1,3,51,188,239,PUENTE DE VALLECAS / TODOS,01-01-2005,2005
100 o más,10,28,38,1,1,2,11,29,40,PUENTE DE VALLECAS / TODOS,01-01-2005,2005
No Consta,1,0,1,5,3,8,6,3,9,PUENTE DE VALLECAS / TODOS,01-01-2005,2005
Total,46432,52043,98475,4332,4807,9139,50764,56850,107614,MORATALAZ / TODOS,01-01-2005,2005
0 - 4,2130,2146,4276,201,232,433,2331,2378,4709,MORATALAZ / TODOS,01-01-2005,2005
5 - 9,2214,2060,4274,210,215,425,2424,2275,4699,MORATALAZ / TODOS,01-01-2005,2005
10 - 14,2245,2087,4332,204,215,419,2449,2302,4751,MORATALAZ / TODOS,01-01-2005,2005
15 - 19,2254,2128,4382,222,232,454,2476,2360,4836,MORATALAZ / TODOS,01-01-2005,2005
20 - 24,2744,2567,5311,462,543,1005,3206,3110,6316,MORATALAZ / TODOS,01-01-2005,2005
25 - 29,3473,3343,6816,784,829,1613,4257,4172,8429,MORATALAZ / TODOS,01-01-2005,2005
30 - 34,4023,3912,7935,753,751,1504,4776,4663,9439,MORATALAZ / TODOS,01-01-2005,2005
35 - 39,4039,4328,8367,575,557,1132,4614,4885,9499,MORATALAZ / TODOS,01-01-2005,2005
40 - 44,3829,4018,7847,356,416,772,4185,4434,8619,MORATALAZ / TODOS,01-01-2005,2005
45 - 49,3054,3290,6344,247,299,546,3301,3589,6890,MORATALAZ / TODOS,01-01-2005,2005
50 - 54,2379,2820,5199,120,175,295,2499,2995,5494,MORATALAZ / TODOS,01-01-2005,2005
55 - 59,2462,3150,5612,60,106,166,2522,3256,5778,MORATALAZ / TODOS,01-01-2005,2005
60 - 64,2722,3605,6327,40,75,115,2762,3680,6442,MORATALAZ / TODOS,01-01-2005,2005
65 - 69,2752,3620,6372,42,66,108,2794,3686,6480,MORATALAZ / TODOS,01-01-2005,2005
70 - 74,2916,3498,6414,26,43,69,2942,3541,6483,MORATALAZ / TODOS,01-01-2005,2005
75 - 79,1767,2492,4259,18,26,44,1785,2518,4303,MORATALAZ / TODOS,01-01-2005,2005
80 - 84,909,1535,2444,8,11,19,917,1546,2463,MORATALAZ / TODOS,01-01-2005,2005
85 - 89,344,856,1200,4,8,12,348,864,1212,MORATALAZ / TODOS,01-01-2005,2005
90 - 94,142,450,592,0,4,4,142,454,596,MORATALAZ / TODOS,01-01-2005,2005
95 - 99,32,122,154,0,2,2,32,124,156,MORATALAZ / TODOS,01-01-2005,2005
100 o más,2,14,16,0,0,0,2,14,16,MORATALAZ / TODOS,01-01-2005,2005
No Consta,0,2,2,0,2,2,0,4,4,MORATALAZ / TODOS,01-01-2005,2005
Total,90705,105947,196652,18014,19555,37569,108719,125502,234221,CIUDAD LINEAL / TODOS,01-01-2005,2005
0 - 4,4403,4066,8469,918,906,1824,5321,4972,10293,CIUDAD LINEAL / TODOS,01-01-2005,2005
5 - 9,3892,3664,7556,918,859,1777,4810,4523,9333,CIUDAD LINEAL / TODOS,01-01-2005,2005
10 - 14,3990,3786,7776,946,929,1875,4936,4715,9651,CIUDAD LINEAL / TODOS,01-01-2005,2005
15 - 19,4146,4061,8207,951,959,1910,5097,5020,10117,CIUDAD LINEAL / TODOS,01-01-2005,2005
20 - 24,5082,5005,10087,1823,2169,3992,6905,7174,14079,CIUDAD LINEAL / TODOS,01-01-2005,2005
25 - 29,7051,6575,13626,2951,3243,6194,10002,9818,19820,CIUDAD LINEAL / TODOS,01-01-2005,2005
30 - 34,7469,7556,15025,2963,3031,5994,10432,10587,21019,CIUDAD LINEAL / TODOS,01-01-2005,2005
35 - 39,7514,8042,15556,2401,2360,4761,9915,10402,20317,CIUDAD LINEAL / TODOS,01-01-2005,2005
40 - 44,7105,8048,15153,1677,1723,3400,8782,9771,18553,CIUDAD LINEAL / TODOS,01-01-2005,2005
45 - 49,6339,7300,13639,1039,1228,2267,7378,8528,15906,CIUDAD LINEAL / TODOS,01-01-2005,2005
50 - 54,5133,6275,11408,582,794,1376,5715,7069,12784,CIUDAD LINEAL / TODOS,01-01-2005,2005
55 - 59,5327,6725,12052,320,480,800,5647,7205,12852,CIUDAD LINEAL / TODOS,01-01-2005,2005
60 - 64,5090,6749,11839,180,291,471,5270,7040,12310,CIUDAD LINEAL / TODOS,01-01-2005,2005
65 - 69,4706,6548,11254,127,214,341,4833,6762,11595,CIUDAD LINEAL / TODOS,01-01-2005,2005
70 - 74,5544,7525,13069,93,147,240,5637,7672,13309,CIUDAD LINEAL / TODOS,01-01-2005,2005
75 - 79,4134,6116,10250,73,91,164,4207,6207,10414,CIUDAD LINEAL / TODOS,01-01-2005,2005
80 - 84,2394,4353,6747,29,68,97,2423,4421,6844,CIUDAD LINEAL / TODOS,01-01-2005,2005
85 - 89,953,2262,3215,11,32,43,964,2294,3258,CIUDAD LINEAL / TODOS,01-01-2005,2005
90 - 94,366,1007,1373,4,21,25,370,1028,1398,CIUDAD LINEAL / TODOS,01-01-2005,2005
95 - 99,61,237,298,1,3,4,62,240,302,CIUDAD LINEAL / TODOS,01-01-2005,2005
100 o más,3,43,46,0,2,2,3,45,48,CIUDAD LINEAL / TODOS,01-01-2005,2005
No Consta,3,4,7,7,5,12,10,9,19,CIUDAD LINEAL / TODOS,01-01-2005,2005
Total,67299,72474,139773,7290,8276,15566,74589,80750,155339,HORTALEZA / TODOS,01-01-2005,2005
0 - 4,3319,3177,6496,322,331,653,3641,3508,7149,HORTALEZA / TODOS,01-01-2005,2005
5 - 9,3249,3112,6361,434,447,881,3683,3559,7242,HORTALEZA / TODOS,01-01-2005,2005
10 - 14,3403,3170,6573,463,441,904,3866,3611,7477,HORTALEZA / TODOS,01-01-2005,2005
15 - 19,3606,3379,6985,430,449,879,4036,3828,7864,HORTALEZA / TODOS,01-01-2005,2005
20 - 24,4271,4102,8373,637,790,1427,4908,4892,9800,HORTALEZA / TODOS,01-01-2005,2005
25 - 29,5727,5360,11087,940,1213,2153,6667,6573,13240,HORTALEZA / TODOS,01-01-2005,2005
30 - 34,5683,5689,11372,1066,1139,2205,6749,6828,13577,HORTALEZA / TODOS,01-01-2005,2005
35 - 39,5385,5589,10974,946,1015,1961,6331,6604,12935,HORTALEZA / TODOS,01-01-2005,2005
40 - 44,5514,5926,11440,734,775,1509,6248,6701,12949,HORTALEZA / TODOS,01-01-2005,2005
45 - 49,4851,5113,9964,512,587,1099,5363,5700,11063,HORTALEZA / TODOS,01-01-2005,2005
50 - 54,3969,4649,8618,295,419,714,4264,5068,9332,HORTALEZA / TODOS,01-01-2005,2005
55 - 59,4303,5269,9572,207,250,457,4510,5519,10029,HORTALEZA / TODOS,01-01-2005,2005
60 - 64,4414,4614,9028,120,163,283,4534,4777,9311,HORTALEZA / TODOS,01-01-2005,2005
65 - 69,3113,3650,6763,80,93,173,3193,3743,6936,HORTALEZA / TODOS,01-01-2005,2005
70 - 74,2975,3530,6505,41,65,106,3016,3595,6611,HORTALEZA / TODOS,01-01-2005,2005
75 - 79,1905,2669,4574,30,45,75,1935,2714,4649,HORTALEZA / TODOS,01-01-2005,2005
80 - 84,1045,1813,2858,19,24,43,1064,1837,2901,HORTALEZA / TODOS,01-01-2005,2005
85 - 89,369,1020,1389,3,15,18,372,1035,1407,HORTALEZA / TODOS,01-01-2005,2005
90 - 94,169,490,659,3,7,10,172,497,669,HORTALEZA / TODOS,01-01-2005,2005
95 - 99,26,132,158,6,5,11,32,137,169,HORTALEZA / TODOS,01-01-2005,2005
100 o más,2,19,21,0,1,1,2,20,22,HORTALEZA / TODOS,01-01-2005,2005
No Consta,1,2,3,2,2,4,3,4,7,HORTALEZA / TODOS,01-01-2005,2005
Total,57227,61101,118328,13803,12552,26355,71030,73653,144683,VILLAVERDE / TODOS,01-01-2005,2005
0 - 4,3145,3057,6202,788,768,1556,3933,3825,7758,VILLAVERDE / TODOS,01-01-2005,2005
5 - 9,2553,2524,5077,755,742,1497,3308,3266,6574,VILLAVERDE / TODOS,01-01-2005,2005
10 - 14,2560,2478,5038,678,721,1399,3238,3199,6437,VILLAVERDE / TODOS,01-01-2005,2005
15 - 19,2861,2731,5592,715,798,1513,3576,3529,7105,VILLAVERDE / TODOS,01-01-2005,2005
20 - 24,3413,3328,6741,1522,1524,3046,4935,4852,9787,VILLAVERDE / TODOS,01-01-2005,2005
25 - 29,4832,4626,9458,2442,2102,4544,7274,6728,14002,VILLAVERDE / TODOS,01-01-2005,2005
30 - 34,5381,5258,10639,2338,1857,4195,7719,7115,14834,VILLAVERDE / TODOS,01-01-2005,2005
35 - 39,5248,5157,10405,1783,1415,3198,7031,6572,13603,VILLAVERDE / TODOS,01-01-2005,2005
40 - 44,4845,4672,9517,1263,967,2230,6108,5639,11747,VILLAVERDE / TODOS,01-01-2005,2005
45 - 49,3549,3504,7053,778,638,1416,4327,4142,8469,VILLAVERDE / TODOS,01-01-2005,2005
50 - 54,2697,2909,5606,355,410,765,3052,3319,6371,VILLAVERDE / TODOS,01-01-2005,2005
55 - 59,2875,3386,6261,172,222,394,3047,3608,6655,VILLAVERDE / TODOS,01-01-2005,2005
60 - 64,3034,3665,6699,84,132,216,3118,3797,6915,VILLAVERDE / TODOS,01-01-2005,2005
65 - 69,3129,3811,6940,59,119,178,3188,3930,7118,VILLAVERDE / TODOS,01-01-2005,2005
70 - 74,3316,4020,7336,35,69,104,3351,4089,7440,VILLAVERDE / TODOS,01-01-2005,2005
75 - 79,2165,2915,5080,25,42,67,2190,2957,5147,VILLAVERDE / TODOS,01-01-2005,2005
80 - 84,1091,1732,2823,6,15,21,1097,1747,2844,VILLAVERDE / TODOS,01-01-2005,2005
85 - 89,366,825,1191,2,6,8,368,831,1199,VILLAVERDE / TODOS,01-01-2005,2005
90 - 94,131,389,520,3,3,6,134,392,526,VILLAVERDE / TODOS,01-01-2005,2005
95 - 99,31,94,125,0,0,0,31,94,125,VILLAVERDE / TODOS,01-01-2005,2005
100 o más,5,20,25,0,0,0,5,20,25,VILLAVERDE / TODOS,01-01-2005,2005
No Consta,0,0,0,0,2,2,0,2,2,VILLAVERDE / TODOS,01-01-2005,2005
Total,28258,29693,57951,4342,3951,8293,32600,33644,66244,VILLA DE VALLECAS / TODOS,01-01-2005,2005
0 - 4,1517,1393,2910,296,266,562,1813,1659,3472,VILLA DE VALLECAS / TODOS,01-01-2005,2005
5 - 9,1467,1342,2809,233,231,464,1700,1573,3273,VILLA DE VALLECAS / TODOS,01-01-2005,2005
10 - 14,1597,1455,3052,245,198,443,1842,1653,3495,VILLA DE VALLECAS / TODOS,01-01-2005,2005
15 - 19,1737,1642,3379,257,239,496,1994,1881,3875,VILLA DE VALLECAS / TODOS,01-01-2005,2005
20 - 24,2003,1991,3994,499,510,1009,2502,2501,5003,VILLA DE VALLECAS / TODOS,01-01-2005,2005
25 - 29,2549,2537,5086,733,669,1402,3282,3206,6488,VILLA DE VALLECAS / TODOS,01-01-2005,2005
30 - 34,2393,2366,4759,671,569,1240,3064,2935,5999,VILLA DE VALLECAS / TODOS,01-01-2005,2005
35 - 39,2300,2308,4608,557,404,961,2857,2712,5569,VILLA DE VALLECAS / TODOS,01-01-2005,2005
40 - 44,2369,2590,4959,347,309,656,2716,2899,5615,VILLA DE VALLECAS / TODOS,01-01-2005,2005
45 - 49,2130,2161,4291,241,220,461,2371,2381,4752,VILLA DE VALLECAS / TODOS,01-01-2005,2005
50 - 54,1753,1903,3656,146,129,275,1899,2032,3931,VILLA DE VALLECAS / TODOS,01-01-2005,2005
55 - 59,1762,1804,3566,46,69,115,1808,1873,3681,VILLA DE VALLECAS / TODOS,01-01-2005,2005
60 - 64,1284,1409,2693,31,52,83,1315,1461,2776,VILLA DE VALLECAS / TODOS,01-01-2005,2005
65 - 69,1106,1320,2426,16,32,48,1122,1352,2474,VILLA DE VALLECAS / TODOS,01-01-2005,2005
70 - 74,1061,1327,2388,12,23,35,1073,1350,2423,VILLA DE VALLECAS / TODOS,01-01-2005,2005
75 - 79,678,929,1607,4,17,21,682,946,1628,VILLA DE VALLECAS / TODOS,01-01-2005,2005
80 - 84,364,693,1057,8,4,12,372,697,1069,VILLA DE VALLECAS / TODOS,01-01-2005,2005
85 - 89,137,341,478,0,5,5,137,346,483,VILLA DE VALLECAS / TODOS,01-01-2005,2005
90 - 94,43,153,196,0,3,3,43,156,199,VILLA DE VALLECAS / TODOS,01-01-2005,2005
95 - 99,8,26,34,0,1,1,8,27,35,VILLA DE VALLECAS / TODOS,01-01-2005,2005
100 o más,0,3,3,0,0,0,0,3,3,VILLA DE VALLECAS / TODOS,01-01-2005,2005
No Consta,0,0,0,0,1,1,0,1,1,VILLA DE VALLECAS / TODOS,01-01-2005,2005
Total,27944,28419,56363,3967,3914,7881,31911,32333,64244,VICALVARO / TODOS,01-01-2005,2005
0 - 4,1847,1792,3639,203,184,387,2050,1976,4026,VICALVARO / TODOS,01-01-2005,2005
5 - 9,1615,1499,3114,179,201,380,1794,1700,3494,VICALVARO / TODOS,01-01-2005,2005
10 - 14,1457,1352,2809,188,187,375,1645,1539,3184,VICALVARO / TODOS,01-01-2005,2005
15 - 19,1370,1254,2624,223,219,442,1593,1473,3066,VICALVARO / TODOS,01-01-2005,2005
20 - 24,1479,1405,2884,462,517,979,1941,1922,3863,VICALVARO / TODOS,01-01-2005,2005
25 - 29,2129,2245,4374,717,688,1405,2846,2933,5779,VICALVARO / TODOS,01-01-2005,2005
30 - 34,3233,3155,6388,651,566,1217,3884,3721,7605,VICALVARO / TODOS,01-01-2005,2005
35 - 39,3085,3072,6157,479,447,926,3564,3519,7083,VICALVARO / TODOS,01-01-2005,2005
40 - 44,2714,2538,5252,384,325,709,3098,2863,5961,VICALVARO / TODOS,01-01-2005,2005
45 - 49,1820,1781,3601,217,234,451,2037,2015,4052,VICALVARO / TODOS,01-01-2005,2005
50 - 54,1232,1226,2458,127,108,235,1359,1334,2693,VICALVARO / TODOS,01-01-2005,2005
55 - 59,1154,1405,2559,61,88,149,1215,1493,2708,VICALVARO / TODOS,01-01-2005,2005
60 - 64,1361,1554,2915,25,55,80,1386,1609,2995,VICALVARO / TODOS,01-01-2005,2005
65 - 69,1286,1329,2615,17,37,54,1303,1366,2669,VICALVARO / TODOS,01-01-2005,2005
70 - 74,1091,1132,2223,10,31,41,1101,1163,2264,VICALVARO / TODOS,01-01-2005,2005
75 - 79,612,790,1402,17,12,29,629,802,1431,VICALVARO / TODOS,01-01-2005,2005
80 - 84,309,511,820,3,10,13,312,521,833,VICALVARO / TODOS,01-01-2005,2005
85 - 89,98,251,349,4,4,8,102,255,357,VICALVARO / TODOS,01-01-2005,2005
90 - 94,43,103,146,0,1,1,43,104,147,VICALVARO / TODOS,01-01-2005,2005
95 - 99,6,20,26,0,0,0,6,20,26,VICALVARO / TODOS,01-01-2005,2005
100 o más,2,5,7,0,0,0,2,5,7,VICALVARO / TODOS,01-01-2005,2005
No Consta,1,0,1,0,0,0,1,0,1,VICALVARO / TODOS,01-01-2005,2005
Total,64056,69284,133340,8819,7750,16569,72875,77034,149909,SAN BLAS-CANILLEJAS / TODOS,01-01-2005,2005
0 - 4,3980,3688,7668,328,324,652,4308,4012,8320,SAN BLAS-CANILLEJAS / TODOS,01-01-2005,2005
5 - 9,3088,2896,5984,379,408,787,3467,3304,6771,SAN BLAS-CANILLEJAS / TODOS,01-01-2005,2005
10 - 14,2907,2778,5685,390,403,793,3297,3181,6478,SAN BLAS-CANILLEJAS / TODOS,01-01-2005,2005
15 - 19,3071,2922,5993,420,401,821,3491,3323,6814,SAN BLAS-CANILLEJAS / TODOS,01-01-2005,2005
20 - 24,3499,3194,6693,985,921,1906,4484,4115,8599,SAN BLAS-CANILLEJAS / TODOS,01-01-2005,2005
25 - 29,4338,4277,8615,1647,1314,2961,5985,5591,11576,SAN BLAS-CANILLEJAS / TODOS,01-01-2005,2005
30 - 34,5928,5954,11882,1499,1157,2656,7427,7111,14538,SAN BLAS-CANILLEJAS / TODOS,01-01-2005,2005
35 - 39,6750,6531,13281,1236,940,2176,7986,7471,15457,SAN BLAS-CANILLEJAS / TODOS,01-01-2005,2005
40 - 44,5980,5962,11942,773,687,1460,6753,6649,13402,SAN BLAS-CANILLEJAS / TODOS,01-01-2005,2005
45 - 49,4638,4661,9299,502,436,938,5140,5097,10237,SAN BLAS-CANILLEJAS / TODOS,01-01-2005,2005
50 - 54,3332,3493,6825,322,321,643,3654,3814,7468,SAN BLAS-CANILLEJAS / TODOS,01-01-2005,2005
55 - 59,3024,3312,6336,164,186,350,3188,3498,6686,SAN BLAS-CANILLEJAS / TODOS,01-01-2005,2005
60 - 64,2667,3171,5838,63,90,153,2730,3261,5991,SAN BLAS-CANILLEJAS / TODOS,01-01-2005,2005
65 - 69,2727,3801,6528,47,66,113,2774,3867,6641,SAN BLAS-CANILLEJAS / TODOS,01-01-2005,2005
70 - 74,3503,4611,8114,27,48,75,3530,4659,8189,SAN BLAS-CANILLEJAS / TODOS,01-01-2005,2005
75 - 79,2557,3861,6418,18,31,49,2575,3892,6467,SAN BLAS-CANILLEJAS / TODOS,01-01-2005,2005
80 - 84,1414,2525,3939,9,5,14,1423,2530,3953,SAN BLAS-CANILLEJAS / TODOS,01-01-2005,2005
85 - 89,460,1038,1498,5,7,12,465,1045,1510,SAN BLAS-CANILLEJAS / TODOS,01-01-2005,2005
90 - 94,170,480,650,1,2,3,171,482,653,SAN BLAS-CANILLEJAS / TODOS,01-01-2005,2005
95 - 99,18,107,125,2,0,2,20,107,127,SAN BLAS-CANILLEJAS / TODOS,01-01-2005,2005
100 o más,5,20,25,0,0,0,5,20,25,SAN BLAS-CANILLEJAS / TODOS,01-01-2005,2005
No Consta,0,2,2,2,3,5,2,5,7,SAN BLAS-CANILLEJAS / TODOS,01-01-2005,2005
Total,18839,19196,38035,2163,2276,4439,21002,21472,42474,BARAJAS / TODOS,01-01-2005,2005
0 - 4,1189,1081,2270,102,99,201,1291,1180,2471,BARAJAS / TODOS,01-01-2005,2005
5 - 9,921,847,1768,103,112,215,1024,959,1983,BARAJAS / TODOS,01-01-2005,2005
10 - 14,830,783,1613,100,113,213,930,896,1826,BARAJAS / TODOS,01-01-2005,2005
15 - 19,935,897,1832,114,140,254,1049,1037,2086,BARAJAS / TODOS,01-01-2005,2005
20 - 24,1316,1167,2483,214,217,431,1530,1384,2914,BARAJAS / TODOS,01-01-2005,2005
25 - 29,1809,1625,3434,303,346,649,2112,1971,4083,BARAJAS / TODOS,01-01-2005,2005
30 - 34,1914,1950,3864,325,339,664,2239,2289,4528,BARAJAS / TODOS,01-01-2005,2005
35 - 39,1669,1697,3366,304,269,573,1973,1966,3939,BARAJAS / TODOS,01-01-2005,2005
40 - 44,1479,1500,2979,233,224,457,1712,1724,3436,BARAJAS / TODOS,01-01-2005,2005
45 - 49,1266,1230,2496,131,151,282,1397,1381,2778,BARAJAS / TODOS,01-01-2005,2005
50 - 54,1076,1387,2463,102,99,201,1178,1486,2664,BARAJAS / TODOS,01-01-2005,2005
55 - 59,1323,1486,2809,54,59,113,1377,1545,2922,BARAJAS / TODOS,01-01-2005,2005
60 - 64,1085,1117,2202,30,40,70,1115,1157,2272,BARAJAS / TODOS,01-01-2005,2005
65 - 69,749,671,1420,19,19,38,768,690,1458,BARAJAS / TODOS,01-01-2005,2005
70 - 74,559,598,1157,11,14,25,570,612,1182,BARAJAS / TODOS,01-01-2005,2005
75 - 79,362,491,853,6,15,21,368,506,874,BARAJAS / TODOS,01-01-2005,2005
80 - 84,243,360,603,8,9,17,251,369,620,BARAJAS / TODOS,01-01-2005,2005
85 - 89,81,199,280,2,6,8,83,205,288,BARAJAS / TODOS,01-01-2005,2005
90 - 94,22,79,101,1,3,4,23,82,105,BARAJAS / TODOS,01-01-2005,2005
95 - 99,10,28,38,1,2,3,11,30,41,BARAJAS / TODOS,01-01-2005,2005
100 o más,1,3,4,0,0,0,1,3,4,BARAJAS / TODOS,01-01-2005,2005
Total,49979,57322,107301,25144,20968,46112,75123,78290,153413,CENTRO / TODOS,01-01-2006,2006
0 - 4,1891,1787,3678,863,864,1727,2754,2651,5405,CENTRO / TODOS,01-01-2006,2006
5 - 9,1502,1495,2997,731,712,1443,2233,2207,4440,CENTRO / TODOS,01-01-2006,2006
10 - 14,1347,1262,2609,764,673,1437,2111,1935,4046,CENTRO / TODOS,01-01-2006,2006
15 - 19,1507,1418,2925,925,778,1703,2432,2196,4628,CENTRO / TODOS,01-01-2006,2006
20 - 24,2099,2033,4132,2152,1962,4114,4251,3995,8246,CENTRO / TODOS,01-01-2006,2006
25 - 29,4066,3986,8052,4577,3769,8346,8643,7755,16398,CENTRO / TODOS,01-01-2006,2006
30 - 34,5836,5485,11321,5076,3681,8757,10912,9166,20078,CENTRO / TODOS,01-01-2006,2006
35 - 39,5414,4737,10151,3837,2746,6583,9251,7483,16734,CENTRO / TODOS,01-01-2006,2006
40 - 44,4890,4494,9384,2575,1926,4501,7465,6420,13885,CENTRO / TODOS,01-01-2006,2006
45 - 49,4104,4205,8309,1589,1350,2939,5693,5555,11248,CENTRO / TODOS,01-01-2006,2006
50 - 54,3323,3671,6994,872,935,1807,4195,4606,8801,CENTRO / TODOS,01-01-2006,2006
55 - 59,3019,3252,6271,519,619,1138,3538,3871,7409,CENTRO / TODOS,01-01-2006,2006
60 - 64,2569,2963,5532,266,344,610,2835,3307,6142,CENTRO / TODOS,01-01-2006,2006
65 - 69,2077,2818,4895,165,230,395,2242,3048,5290,CENTRO / TODOS,01-01-2006,2006
70 - 74,2094,3397,5491,110,173,283,2204,3570,5774,CENTRO / TODOS,01-01-2006,2006
75 - 79,1997,3633,5630,62,94,156,2059,3727,5786,CENTRO / TODOS,01-01-2006,2006
80 - 84,1326,3219,4545,32,65,97,1358,3284,4642,CENTRO / TODOS,01-01-2006,2006
85 - 89,591,2119,2710,13,20,33,604,2139,2743,CENTRO / TODOS,01-01-2006,2006
90 - 94,249,1029,1278,4,14,18,253,1043,1296,CENTRO / TODOS,01-01-2006,2006
95 - 99,65,272,337,4,3,7,69,275,344,CENTRO / TODOS,01-01-2006,2006
100 o más,8,44,52,1,2,3,9,46,55,CENTRO / TODOS,01-01-2006,2006
No Consta,5,3,8,7,8,15,12,11,23,CENTRO / TODOS,01-01-2006,2006
Total,56976,67362,124338,12941,13501,26442,69917,80863,150780,ARGANZUELA / TODOS,01-01-2006,2006
0 - 4,2963,2730,5693,529,526,1055,3492,3256,6748,ARGANZUELA / TODOS,01-01-2006,2006
5 - 9,2583,2466,5049,499,522,1021,3082,2988,6070,ARGANZUELA / TODOS,01-01-2006,2006
10 - 14,2375,2240,4615,585,548,1133,2960,2788,5748,ARGANZUELA / TODOS,01-01-2006,2006
15 - 19,2461,2460,4921,588,611,1199,3049,3071,6120,ARGANZUELA / TODOS,01-01-2006,2006
20 - 24,3359,3085,6444,1296,1421,2717,4655,4506,9161,ARGANZUELA / TODOS,01-01-2006,2006
25 - 29,4193,4015,8208,2217,2378,4595,6410,6393,12803,ARGANZUELA / TODOS,01-01-2006,2006
30 - 34,4641,5094,9735,2343,2122,4465,6984,7216,14200,ARGANZUELA / TODOS,01-01-2006,2006
35 - 39,5159,5335,10494,1725,1682,3407,6884,7017,13901,ARGANZUELA / TODOS,01-01-2006,2006
40 - 44,5130,5693,10823,1293,1302,2595,6423,6995,13418,ARGANZUELA / TODOS,01-01-2006,2006
45 - 49,4715,5597,10312,864,871,1735,5579,6468,12047,ARGANZUELA / TODOS,01-01-2006,2006
50 - 54,4126,4933,9059,474,579,1053,4600,5512,10112,ARGANZUELA / TODOS,01-01-2006,2006
55 - 59,3533,4139,7672,210,366,576,3743,4505,8248,ARGANZUELA / TODOS,01-01-2006,2006
60 - 64,2728,3517,6245,118,192,310,2846,3709,6555,ARGANZUELA / TODOS,01-01-2006,2006
65 - 69,2201,3132,5333,70,158,228,2271,3290,5561,ARGANZUELA / TODOS,01-01-2006,2006
70 - 74,2442,3642,6084,56,114,170,2498,3756,6254,ARGANZUELA / TODOS,01-01-2006,2006
75 - 79,2030,3511,5541,33,54,87,2063,3565,5628,ARGANZUELA / TODOS,01-01-2006,2006
80 - 84,1353,2868,4221,23,34,57,1376,2902,4278,ARGANZUELA / TODOS,01-01-2006,2006
85 - 89,660,1820,2480,9,12,21,669,1832,2501,ARGANZUELA / TODOS,01-01-2006,2006
90 - 94,264,835,1099,0,4,4,264,839,1103,ARGANZUELA / TODOS,01-01-2006,2006
95 - 99,54,222,276,3,1,4,57,223,280,ARGANZUELA / TODOS,01-01-2006,2006
100 o más,3,26,29,0,0,0,3,26,29,ARGANZUELA / TODOS,01-01-2006,2006
No Consta,3,2,5,6,4,10,9,6,15,ARGANZUELA / TODOS,01-01-2006,2006
Total,52051,62008,114059,5817,7326,13143,57868,69334,127202,RETIRO / TODOS,01-01-2006,2006
0 - 4,2336,2223,4559,185,180,365,2521,2403,4924,RETIRO / TODOS,01-01-2006,2006
5 - 9,2193,2054,4247,255,233,488,2448,2287,4735,RETIRO / TODOS,01-01-2006,2006
10 - 14,2169,2185,4354,233,254,487,2402,2439,4841,RETIRO / TODOS,01-01-2006,2006
15 - 19,2434,2389,4823,217,267,484,2651,2656,5307,RETIRO / TODOS,01-01-2006,2006
20 - 24,3259,3121,6380,477,687,1164,3736,3808,7544,RETIRO / TODOS,01-01-2006,2006
25 - 29,4236,4059,8295,973,1258,2231,5209,5317,10526,RETIRO / TODOS,01-01-2006,2006
30 - 34,4366,4191,8557,974,1207,2181,5340,5398,10738,RETIRO / TODOS,01-01-2006,2006
35 - 39,3871,4028,7899,838,934,1772,4709,4962,9671,RETIRO / TODOS,01-01-2006,2006
40 - 44,3862,4275,8137,559,677,1236,4421,4952,9373,RETIRO / TODOS,01-01-2006,2006
45 - 49,3580,4479,8059,398,533,931,3978,5012,8990,RETIRO / TODOS,01-01-2006,2006
50 - 54,3480,4609,8089,221,387,608,3701,4996,8697,RETIRO / TODOS,01-01-2006,2006
55 - 59,3543,4518,8061,163,229,392,3706,4747,8453,RETIRO / TODOS,01-01-2006,2006
60 - 64,3265,3969,7234,105,162,267,3370,4131,7501,RETIRO / TODOS,01-01-2006,2006
65 - 69,2528,3380,5908,81,123,204,2609,3503,6112,RETIRO / TODOS,01-01-2006,2006
70 - 74,2491,3574,6065,57,63,120,2548,3637,6185,RETIRO / TODOS,01-01-2006,2006
75 - 79,2026,3499,5525,38,45,83,2064,3544,5608,RETIRO / TODOS,01-01-2006,2006
80 - 84,1404,2696,4100,20,38,58,1424,2734,4158,RETIRO / TODOS,01-01-2006,2006
85 - 89,688,1656,2344,7,24,31,695,1680,2375,RETIRO / TODOS,01-01-2006,2006
90 - 94,259,838,1097,7,15,22,266,853,1119,RETIRO / TODOS,01-01-2006,2006
95 - 99,49,229,278,4,4,8,53,233,286,RETIRO / TODOS,01-01-2006,2006
100 o más,11,34,45,2,3,5,13,37,50,RETIRO / TODOS,01-01-2006,2006
No Consta,1,2,3,3,3,6,4,5,9,RETIRO / TODOS,01-01-2006,2006
Total,57384,72944,130328,9891,13131,23022,67275,86075,153350,SALAMANCA / TODOS,01-01-2006,2006
0 - 4,2676,2583,5259,379,369,748,3055,2952,6007,SALAMANCA / TODOS,01-01-2006,2006
5 - 9,2414,2338,4752,356,334,690,2770,2672,5442,SALAMANCA / TODOS,01-01-2006,2006
10 - 14,2209,2135,4344,394,347,741,2603,2482,5085,SALAMANCA / TODOS,01-01-2006,2006
15 - 19,2521,2396,4917,465,390,855,2986,2786,5772,SALAMANCA / TODOS,01-01-2006,2006
20 - 24,3128,3141,6269,832,1122,1954,3960,4263,8223,SALAMANCA / TODOS,01-01-2006,2006
25 - 29,4342,4461,8803,1566,2260,3826,5908,6721,12629,SALAMANCA / TODOS,01-01-2006,2006
30 - 34,4990,5153,10143,1800,2216,4016,6790,7369,14159,SALAMANCA / TODOS,01-01-2006,2006
35 - 39,4609,4914,9523,1316,1673,2989,5925,6587,12512,SALAMANCA / TODOS,01-01-2006,2006
40 - 44,4478,5034,9512,932,1294,2226,5410,6328,11738,SALAMANCA / TODOS,01-01-2006,2006
45 - 49,4102,4994,9096,599,1049,1648,4701,6043,10744,SALAMANCA / TODOS,01-01-2006,2006
50 - 54,3640,4700,8340,420,739,1159,4060,5439,9499,SALAMANCA / TODOS,01-01-2006,2006
55 - 59,3581,4868,8449,284,528,812,3865,5396,9261,SALAMANCA / TODOS,01-01-2006,2006
60 - 64,3372,4524,7896,187,266,453,3559,4790,8349,SALAMANCA / TODOS,01-01-2006,2006
65 - 69,2587,4111,6698,136,186,322,2723,4297,7020,SALAMANCA / TODOS,01-01-2006,2006
70 - 74,2965,4719,7684,81,113,194,3046,4832,7878,SALAMANCA / TODOS,01-01-2006,2006
75 - 79,2605,4581,7186,69,93,162,2674,4674,7348,SALAMANCA / TODOS,01-01-2006,2006
80 - 84,1774,3882,5656,34,61,95,1808,3943,5751,SALAMANCA / TODOS,01-01-2006,2006
85 - 89,870,2574,3444,20,34,54,890,2608,3498,SALAMANCA / TODOS,01-01-2006,2006
90 - 94,403,1343,1746,11,29,40,414,1372,1786,SALAMANCA / TODOS,01-01-2006,2006
95 - 99,100,417,517,1,18,19,101,435,536,SALAMANCA / TODOS,01-01-2006,2006
100 o más,16,72,88,4,5,9,20,77,97,SALAMANCA / TODOS,01-01-2006,2006
No Consta,2,4,6,5,5,10,7,9,16,SALAMANCA / TODOS,01-01-2006,2006
Total,56651,68498,125149,7608,11106,18714,64259,79604,143863,CHAMARTIN / TODOS,01-01-2006,2006
0 - 4,2999,2788,5787,289,316,605,3288,3104,6392,CHAMARTIN / TODOS,01-01-2006,2006
5 - 9,2945,2625,5570,320,305,625,3265,2930,6195,CHAMARTIN / TODOS,01-01-2006,2006
10 - 14,2757,2658,5415,308,322,630,3065,2980,6045,CHAMARTIN / TODOS,01-01-2006,2006
15 - 19,2787,2612,5399,356,408,764,3143,3020,6163,CHAMARTIN / TODOS,01-01-2006,2006
20 - 24,3242,3135,6377,564,962,1526,3806,4097,7903,CHAMARTIN / TODOS,01-01-2006,2006
25 - 29,3946,3911,7857,1037,1718,2755,4983,5629,10612,CHAMARTIN / TODOS,01-01-2006,2006
30 - 34,4548,4722,9270,1229,1733,2962,5777,6455,12232,CHAMARTIN / TODOS,01-01-2006,2006
35 - 39,4271,4654,8925,1018,1453,2471,5289,6107,11396,CHAMARTIN / TODOS,01-01-2006,2006
40 - 44,4277,4985,9262,786,1066,1852,5063,6051,11114,CHAMARTIN / TODOS,01-01-2006,2006
45 - 49,3828,4856,8684,519,830,1349,4347,5686,10033,CHAMARTIN / TODOS,01-01-2006,2006
50 - 54,3672,4562,8234,355,623,978,4027,5185,9212,CHAMARTIN / TODOS,01-01-2006,2006
55 - 59,3502,4677,8179,247,427,674,3749,5104,8853,CHAMARTIN / TODOS,01-01-2006,2006
60 - 64,3253,4410,7663,169,310,479,3422,4720,8142,CHAMARTIN / TODOS,01-01-2006,2006
65 - 69,2690,3903,6593,154,186,340,2844,4089,6933,CHAMARTIN / TODOS,01-01-2006,2006
70 - 74,2709,4066,6775,91,140,231,2800,4206,7006,CHAMARTIN / TODOS,01-01-2006,2006
75 - 79,2412,3996,6408,75,118,193,2487,4114,6601,CHAMARTIN / TODOS,01-01-2006,2006
80 - 84,1687,3031,4718,37,77,114,1724,3108,4832,CHAMARTIN / TODOS,01-01-2006,2006
85 - 89,748,1796,2544,24,60,84,772,1856,2628,CHAMARTIN / TODOS,01-01-2006,2006
90 - 94,303,862,1165,14,27,41,317,889,1206,CHAMARTIN / TODOS,01-01-2006,2006
95 - 99,58,214,272,10,12,22,68,226,294,CHAMARTIN / TODOS,01-01-2006,2006
100 o más,14,34,48,2,5,7,16,39,55,CHAMARTIN / TODOS,01-01-2006,2006
No Consta,3,1,4,4,8,12,7,9,16,CHAMARTIN / TODOS,01-01-2006,2006
Total,54261,66587,120848,16475,17819,34294,70736,84406,155142,TETUAN / TODOS,01-01-2006,2006
0 - 4,2353,2316,4669,817,746,1563,3170,3062,6232,TETUAN / TODOS,01-01-2006,2006
5 - 9,2102,1932,4034,714,655,1369,2816,2587,5403,TETUAN / TODOS,01-01-2006,2006
10 - 14,2050,1876,3926,740,764,1504,2790,2640,5430,TETUAN / TODOS,01-01-2006,2006
15 - 19,2245,2223,4468,809,811,1620,3054,3034,6088,TETUAN / TODOS,01-01-2006,2006
20 - 24,2968,2989,5957,1490,1796,3286,4458,4785,9243,TETUAN / TODOS,01-01-2006,2006
25 - 29,4061,4151,8212,2742,3003,5745,6803,7154,13957,TETUAN / TODOS,01-01-2006,2006
30 - 34,5107,5107,10214,2796,2827,5623,7903,7934,15837,TETUAN / TODOS,01-01-2006,2006
35 - 39,4616,4654,9270,2287,2265,4552,6903,6919,13822,TETUAN / TODOS,01-01-2006,2006
40 - 44,4216,4891,9107,1640,1602,3242,5856,6493,12349,TETUAN / TODOS,01-01-2006,2006
45 - 49,3926,4759,8685,1001,1208,2209,4927,5967,10894,TETUAN / TODOS,01-01-2006,2006
50 - 54,3217,4145,7362,602,822,1424,3819,4967,8786,TETUAN / TODOS,01-01-2006,2006
55 - 59,3195,4144,7339,351,493,844,3546,4637,8183,TETUAN / TODOS,01-01-2006,2006
60 - 64,2877,3904,6781,169,312,481,3046,4216,7262,TETUAN / TODOS,01-01-2006,2006
65 - 69,2660,3689,6349,107,198,305,2767,3887,6654,TETUAN / TODOS,01-01-2006,2006
70 - 74,2903,4619,7522,105,141,246,3008,4760,7768,TETUAN / TODOS,01-01-2006,2006
75 - 79,2721,4509,7230,51,89,140,2772,4598,7370,TETUAN / TODOS,01-01-2006,2006
80 - 84,1802,3504,5306,29,46,75,1831,3550,5381,TETUAN / TODOS,01-01-2006,2006
85 - 89,854,1988,2842,10,23,33,864,2011,2875,TETUAN / TODOS,01-01-2006,2006
90 - 94,314,925,1239,6,10,16,320,935,1255,TETUAN / TODOS,01-01-2006,2006
95 - 99,66,229,295,0,3,3,66,232,298,TETUAN / TODOS,01-01-2006,2006
100 o más,8,30,38,2,1,3,10,31,41,TETUAN / TODOS,01-01-2006,2006
No Consta,0,3,3,7,4,11,7,7,14,TETUAN / TODOS,01-01-2006,2006
Total,55574,72704,128278,10736,13755,24491,66310,86459,152769,CHAMBERI / TODOS,01-01-2006,2006
0 - 4,2280,2246,4526,422,380,802,2702,2626,5328,CHAMBERI / TODOS,01-01-2006,2006
5 - 9,2184,2052,4236,367,380,747,2551,2432,4983,CHAMBERI / TODOS,01-01-2006,2006
10 - 14,2075,1941,4016,432,380,812,2507,2321,4828,CHAMBERI / TODOS,01-01-2006,2006
15 - 19,2359,2264,4623,460,502,962,2819,2766,5585,CHAMBERI / TODOS,01-01-2006,2006
20 - 24,3033,3268,6301,890,1238,2128,3923,4506,8429,CHAMBERI / TODOS,01-01-2006,2006
25 - 29,4513,4607,9120,1801,2453,4254,6314,7060,13374,CHAMBERI / TODOS,01-01-2006,2006
30 - 34,4939,5190,10129,1966,2312,4278,6905,7502,14407,CHAMBERI / TODOS,01-01-2006,2006
35 - 39,4335,4573,8908,1505,1735,3240,5840,6308,12148,CHAMBERI / TODOS,01-01-2006,2006
40 - 44,4097,4788,8885,1005,1309,2314,5102,6097,11199,CHAMBERI / TODOS,01-01-2006,2006
45 - 49,3934,4901,8835,698,1043,1741,4632,5944,10576,CHAMBERI / TODOS,01-01-2006,2006
50 - 54,3683,4979,8662,436,723,1159,4119,5702,9821,CHAMBERI / TODOS,01-01-2006,2006
55 - 59,3733,4865,8598,269,486,755,4002,5351,9353,CHAMBERI / TODOS,01-01-2006,2006
60 - 64,3254,4632,7886,172,288,460,3426,4920,8346,CHAMBERI / TODOS,01-01-2006,2006
65 - 69,2566,3957,6523,101,159,260,2667,4116,6783,CHAMBERI / TODOS,01-01-2006,2006
70 - 74,2705,4579,7284,72,134,206,2777,4713,7490,CHAMBERI / TODOS,01-01-2006,2006
75 - 79,2491,4801,7292,44,91,135,2535,4892,7427,CHAMBERI / TODOS,01-01-2006,2006
80 - 84,1858,4321,6179,44,67,111,1902,4388,6290,CHAMBERI / TODOS,01-01-2006,2006
85 - 89,975,2817,3792,23,31,54,998,2848,3846,CHAMBERI / TODOS,01-01-2006,2006
90 - 94,454,1432,1886,18,29,47,472,1461,1933,CHAMBERI / TODOS,01-01-2006,2006
95 - 99,89,423,512,5,8,13,94,431,525,CHAMBERI / TODOS,01-01-2006,2006
100 o más,14,66,80,0,1,1,14,67,81,CHAMBERI / TODOS,01-01-2006,2006
No Consta,3,2,5,6,6,12,9,8,17,CHAMBERI / TODOS,01-01-2006,2006
Total,89988,100059,190047,9864,11466,21330,99852,111525,211377,FUENCARRAL-EL PARDO / TODOS,01-01-2006,2006
0 - 4,4178,3955,8133,435,449,884,4613,4404,9017,FUENCARRAL-EL PARDO / TODOS,01-01-2006,2006
5 - 9,4087,3981,8068,527,443,970,4614,4424,9038,FUENCARRAL-EL PARDO / TODOS,01-01-2006,2006
10 - 14,4167,3985,8152,590,529,1119,4757,4514,9271,FUENCARRAL-EL PARDO / TODOS,01-01-2006,2006
15 - 19,4780,4515,9295,587,552,1139,5367,5067,10434,FUENCARRAL-EL PARDO / TODOS,01-01-2006,2006
20 - 24,5951,5890,11841,852,1054,1906,6803,6944,13747,FUENCARRAL-EL PARDO / TODOS,01-01-2006,2006
25 - 29,7884,7388,15272,1372,1766,3138,9256,9154,18410,FUENCARRAL-EL PARDO / TODOS,01-01-2006,2006
30 - 34,7661,7430,15091,1515,1629,3144,9176,9059,18235,FUENCARRAL-EL PARDO / TODOS,01-01-2006,2006
35 - 39,6373,6654,13027,1225,1451,2676,7598,8105,15703,FUENCARRAL-EL PARDO / TODOS,01-01-2006,2006
40 - 44,6332,7053,13385,979,1128,2107,7311,8181,15492,FUENCARRAL-EL PARDO / TODOS,01-01-2006,2006
45 - 49,5991,7164,13155,659,846,1505,6650,8010,14660,FUENCARRAL-EL PARDO / TODOS,01-01-2006,2006
50 - 54,5734,7128,12862,410,573,983,6144,7701,13845,FUENCARRAL-EL PARDO / TODOS,01-01-2006,2006
55 - 59,6567,7949,14516,258,372,630,6825,8321,15146,FUENCARRAL-EL PARDO / TODOS,01-01-2006,2006
60 - 64,5998,6646,12644,148,198,346,6146,6844,12990,FUENCARRAL-EL PARDO / TODOS,01-01-2006,2006
65 - 69,4604,5324,9928,112,169,281,4716,5493,10209,FUENCARRAL-EL PARDO / TODOS,01-01-2006,2006
70 - 74,4011,4993,9004,84,126,210,4095,5119,9214,FUENCARRAL-EL PARDO / TODOS,01-01-2006,2006
75 - 79,2835,4052,6887,56,79,135,2891,4131,7022,FUENCARRAL-EL PARDO / TODOS,01-01-2006,2006
80 - 84,1764,3021,4785,26,51,77,1790,3072,4862,FUENCARRAL-EL PARDO / TODOS,01-01-2006,2006
85 - 89,736,1782,2518,11,23,34,747,1805,2552,FUENCARRAL-EL PARDO / TODOS,01-01-2006,2006
90 - 94,263,853,1116,7,17,24,270,870,1140,FUENCARRAL-EL PARDO / TODOS,01-01-2006,2006
95 - 99,63,242,305,1,3,4,64,245,309,FUENCARRAL-EL PARDO / TODOS,01-01-2006,2006
100 o más,5,52,57,1,1,2,6,53,59,FUENCARRAL-EL PARDO / TODOS,01-01-2006,2006
No Consta,4,2,6,9,7,16,13,9,22,FUENCARRAL-EL PARDO / TODOS,01-01-2006,2006
Total,48061,55789,103850,7377,9464,16841,55438,65253,120691,MONCLOA-ARAVACA / TODOS,01-01-2006,2006
0 - 4,2652,2512,5164,289,266,555,2941,2778,5719,MONCLOA-ARAVACA / TODOS,01-01-2006,2006
5 - 9,2415,2523,4938,275,324,599,2690,2847,5537,MONCLOA-ARAVACA / TODOS,01-01-2006,2006
10 - 14,2234,2173,4407,293,324,617,2527,2497,5024,MONCLOA-ARAVACA / TODOS,01-01-2006,2006
15 - 19,2209,2215,4424,301,341,642,2510,2556,5066,MONCLOA-ARAVACA / TODOS,01-01-2006,2006
20 - 24,2822,2819,5641,632,870,1502,3454,3689,7143,MONCLOA-ARAVACA / TODOS,01-01-2006,2006
25 - 29,3535,3515,7050,1162,1568,2730,4697,5083,9780,MONCLOA-ARAVACA / TODOS,01-01-2006,2006
30 - 34,3834,3785,7619,1241,1488,2729,5075,5273,10348,MONCLOA-ARAVACA / TODOS,01-01-2006,2006
35 - 39,3815,4076,7891,1040,1210,2250,4855,5286,10141,MONCLOA-ARAVACA / TODOS,01-01-2006,2006
40 - 44,3939,4168,8107,813,934,1747,4752,5102,9854,MONCLOA-ARAVACA / TODOS,01-01-2006,2006
45 - 49,3572,3971,7543,542,779,1321,4114,4750,8864,MONCLOA-ARAVACA / TODOS,01-01-2006,2006
50 - 54,3123,3696,6819,324,509,833,3447,4205,7652,MONCLOA-ARAVACA / TODOS,01-01-2006,2006
55 - 59,3100,3757,6857,180,343,523,3280,4100,7380,MONCLOA-ARAVACA / TODOS,01-01-2006,2006
60 - 64,2673,3276,5949,103,178,281,2776,3454,6230,MONCLOA-ARAVACA / TODOS,01-01-2006,2006
65 - 69,2169,2850,5019,69,104,173,2238,2954,5192,MONCLOA-ARAVACA / TODOS,01-01-2006,2006
70 - 74,2219,3071,5290,50,74,124,2269,3145,5414,MONCLOA-ARAVACA / TODOS,01-01-2006,2006
75 - 79,1747,2812,4559,28,52,80,1775,2864,4639,MONCLOA-ARAVACA / TODOS,01-01-2006,2006
80 - 84,1130,2275,3405,14,39,53,1144,2314,3458,MONCLOA-ARAVACA / TODOS,01-01-2006,2006
85 - 89,580,1389,1969,12,30,42,592,1419,2011,MONCLOA-ARAVACA / TODOS,01-01-2006,2006
90 - 94,224,674,898,2,13,15,226,687,913,MONCLOA-ARAVACA / TODOS,01-01-2006,2006
95 - 99,57,211,268,2,5,7,59,216,275,MONCLOA-ARAVACA / TODOS,01-01-2006,2006
100 o más,9,18,27,1,1,2,10,19,29,MONCLOA-ARAVACA / TODOS,01-01-2006,2006
No Consta,3,3,6,4,12,16,7,15,22,MONCLOA-ARAVACA / TODOS,01-01-2006,2006
Total,102361,114949,217310,22716,21667,44383,125077,136616,261693,LATINA / TODOS,01-01-2006,2006
0 - 4,4219,4067,8286,1010,965,1975,5229,5032,10261,LATINA / TODOS,01-01-2006,2006
5 - 9,3826,3582,7408,988,922,1910,4814,4504,9318,LATINA / TODOS,01-01-2006,2006
10 - 14,3650,3589,7239,1051,983,2034,4701,4572,9273,LATINA / TODOS,01-01-2006,2006
15 - 19,4332,4037,8369,1132,1204,2336,5464,5241,10705,LATINA / TODOS,01-01-2006,2006
20 - 24,5807,5505,11312,2402,2495,4897,8209,8000,16209,LATINA / TODOS,01-01-2006,2006
25 - 29,8161,7699,15860,3998,3708,7706,12159,11407,23566,LATINA / TODOS,01-01-2006,2006
30 - 34,9319,8836,18155,3962,3344,7306,13281,12180,25461,LATINA / TODOS,01-01-2006,2006
35 - 39,8430,8132,16562,3073,2580,5653,11503,10712,22215,LATINA / TODOS,01-01-2006,2006
40 - 44,7412,7898,15310,2161,1986,4147,9573,9884,19457,LATINA / TODOS,01-01-2006,2006
45 - 49,6617,7119,13736,1368,1323,2691,7985,8442,16427,LATINA / TODOS,01-01-2006,2006
50 - 54,5376,6247,11623,768,871,1639,6144,7118,13262,LATINA / TODOS,01-01-2006,2006
55 - 59,5676,7723,13399,371,518,889,6047,8241,14288,LATINA / TODOS,01-01-2006,2006
60 - 64,7063,9321,16384,157,277,434,7220,9598,16818,LATINA / TODOS,01-01-2006,2006
65 - 69,7138,8256,15394,106,199,305,7244,8455,15699,LATINA / TODOS,01-01-2006,2006
70 - 74,6370,7792,14162,68,128,196,6438,7920,14358,LATINA / TODOS,01-01-2006,2006
75 - 79,4564,6488,11052,57,81,138,4621,6569,11190,LATINA / TODOS,01-01-2006,2006
80 - 84,2750,4639,7389,28,39,67,2778,4678,7456,LATINA / TODOS,01-01-2006,2006
85 - 89,1129,2543,3672,8,22,30,1137,2565,3702,LATINA / TODOS,01-01-2006,2006
90 - 94,416,1131,1547,3,11,14,419,1142,1561,LATINA / TODOS,01-01-2006,2006
95 - 99,93,291,384,0,4,4,93,295,388,LATINA / TODOS,01-01-2006,2006
100 o más,10,51,61,0,3,3,10,54,64,LATINA / TODOS,01-01-2006,2006
No Consta,3,3,6,5,4,9,8,7,15,LATINA / TODOS,01-01-2006,2006
Total,91230,104165,195395,27796,25915,53711,119026,130080,249106,CARABANCHEL / TODOS,01-01-2006,2006
0 - 4,4416,4239,8655,1264,1147,2411,5680,5386,11066,CARABANCHEL / TODOS,01-01-2006,2006
5 - 9,3634,3428,7062,1198,1200,2398,4832,4628,9460,CARABANCHEL / TODOS,01-01-2006,2006
10 - 14,3583,3488,7071,1370,1315,2685,4953,4803,9756,CARABANCHEL / TODOS,01-01-2006,2006
15 - 19,4016,3759,7775,1394,1388,2782,5410,5147,10557,CARABANCHEL / TODOS,01-01-2006,2006
20 - 24,4908,4897,9805,2906,2980,5886,7814,7877,15691,CARABANCHEL / TODOS,01-01-2006,2006
25 - 29,6965,7052,14017,4960,4443,9403,11925,11495,23420,CARABANCHEL / TODOS,01-01-2006,2006
30 - 34,8574,8321,16895,4689,3954,8643,13263,12275,25538,CARABANCHEL / TODOS,01-01-2006,2006
35 - 39,7723,7804,15527,3936,3131,7067,11659,10935,22594,CARABANCHEL / TODOS,01-01-2006,2006
40 - 44,7148,7344,14492,2619,2342,4961,9767,9686,19453,CARABANCHEL / TODOS,01-01-2006,2006
45 - 49,6142,6526,12668,1659,1610,3269,7801,8136,15937,CARABANCHEL / TODOS,01-01-2006,2006
50 - 54,4944,5774,10718,920,942,1862,5864,6716,12580,CARABANCHEL / TODOS,01-01-2006,2006
55 - 59,5147,6235,11382,397,539,936,5544,6774,12318,CARABANCHEL / TODOS,01-01-2006,2006
60 - 64,5061,6519,11580,194,339,533,5255,6858,12113,CARABANCHEL / TODOS,01-01-2006,2006
65 - 69,5127,6640,11767,107,222,329,5234,6862,12096,CARABANCHEL / TODOS,01-01-2006,2006
70 - 74,5478,7373,12851,90,180,270,5568,7553,13121,CARABANCHEL / TODOS,01-01-2006,2006
75 - 79,4216,6336,10552,54,96,150,4270,6432,10702,CARABANCHEL / TODOS,01-01-2006,2006
80 - 84,2632,4597,7229,26,61,87,2658,4658,7316,CARABANCHEL / TODOS,01-01-2006,2006
85 - 89,1041,2418,3459,12,11,23,1053,2429,3482,CARABANCHEL / TODOS,01-01-2006,2006
90 - 94,373,1113,1486,0,7,7,373,1120,1493,CARABANCHEL / TODOS,01-01-2006,2006
95 - 99,85,254,339,0,2,2,85,256,341,CARABANCHEL / TODOS,01-01-2006,2006
100 o más,13,46,59,1,3,4,14,49,63,CARABANCHEL / TODOS,01-01-2006,2006
No Consta,4,2,6,0,3,3,4,5,9,CARABANCHEL / TODOS,01-01-2006,2006
Total,50973,56964,107937,15137,14259,29396,66110,71223,137333,USERA / TODOS,01-01-2006,2006
0 - 4,2880,2740,5620,723,686,1409,3603,3426,7029,USERA / TODOS,01-01-2006,2006
5 - 9,2330,2217,4547,688,681,1369,3018,2898,5916,USERA / TODOS,01-01-2006,2006
10 - 14,2143,2024,4167,736,677,1413,2879,2701,5580,USERA / TODOS,01-01-2006,2006
15 - 19,2366,2318,4684,854,761,1615,3220,3079,6299,USERA / TODOS,01-01-2006,2006
20 - 24,2880,2786,5666,1604,1615,3219,4484,4401,8885,USERA / TODOS,01-01-2006,2006
25 - 29,3692,3819,7511,2642,2521,5163,6334,6340,12674,USERA / TODOS,01-01-2006,2006
30 - 34,4845,4668,9513,2534,2139,4673,7379,6807,14186,USERA / TODOS,01-01-2006,2006
35 - 39,4551,4310,8861,2143,1807,3950,6694,6117,12811,USERA / TODOS,01-01-2006,2006
40 - 44,4065,4228,8293,1392,1282,2674,5457,5510,10967,USERA / TODOS,01-01-2006,2006
45 - 49,3563,3622,7185,917,805,1722,4480,4427,8907,USERA / TODOS,01-01-2006,2006
50 - 54,2739,2956,5695,471,483,954,3210,3439,6649,USERA / TODOS,01-01-2006,2006
55 - 59,2591,2976,5567,177,324,501,2768,3300,6068,USERA / TODOS,01-01-2006,2006
60 - 64,2309,2805,5114,99,186,285,2408,2991,5399,USERA / TODOS,01-01-2006,2006
65 - 69,2356,3337,5693,67,113,180,2423,3450,5873,USERA / TODOS,01-01-2006,2006
70 - 74,2994,4109,7103,44,81,125,3038,4190,7228,USERA / TODOS,01-01-2006,2006
75 - 79,2469,3649,6118,31,62,93,2500,3711,6211,USERA / TODOS,01-01-2006,2006
80 - 84,1436,2485,3921,10,15,25,1446,2500,3946,USERA / TODOS,01-01-2006,2006
85 - 89,548,1278,1826,1,15,16,549,1293,1842,USERA / TODOS,01-01-2006,2006
90 - 94,175,503,678,2,5,7,177,508,685,USERA / TODOS,01-01-2006,2006
95 - 99,40,122,162,0,0,0,40,122,162,USERA / TODOS,01-01-2006,2006
100 o más,1,12,13,0,0,0,1,12,13,USERA / TODOS,01-01-2006,2006
No Consta,0,0,0,2,1,3,2,1,3,USERA / TODOS,01-01-2006,2006
Total,97047,106372,203419,22073,20235,42308,119120,126607,245727,PUENTE DE VALLECAS / TODOS,01-01-2006,2006
0 - 4,4912,4653,9565,1110,1041,2151,6022,5694,11716,PUENTE DE VALLECAS / TODOS,01-01-2006,2006
5 - 9,4681,4429,9110,1023,959,1982,5704,5388,11092,PUENTE DE VALLECAS / TODOS,01-01-2006,2006
10 - 14,4802,4411,9213,1077,996,2073,5879,5407,11286,PUENTE DE VALLECAS / TODOS,01-01-2006,2006
15 - 19,5337,4983,10320,1070,1123,2193,6407,6106,12513,PUENTE DE VALLECAS / TODOS,01-01-2006,2006
20 - 24,6027,5789,11816,2339,2340,4679,8366,8129,16495,PUENTE DE VALLECAS / TODOS,01-01-2006,2006
25 - 29,7215,6913,14128,3872,3510,7382,11087,10423,21510,PUENTE DE VALLECAS / TODOS,01-01-2006,2006
30 - 34,7700,7293,14993,3977,3148,7125,11677,10441,22118,PUENTE DE VALLECAS / TODOS,01-01-2006,2006
35 - 39,8141,8254,16395,2971,2408,5379,11112,10662,21774,PUENTE DE VALLECAS / TODOS,01-01-2006,2006
40 - 44,8548,8926,17474,2022,1767,3789,10570,10693,21263,PUENTE DE VALLECAS / TODOS,01-01-2006,2006
45 - 49,7610,7793,15403,1207,1120,2327,8817,8913,17730,PUENTE DE VALLECAS / TODOS,01-01-2006,2006
50 - 54,5448,5656,11104,715,707,1422,6163,6363,12526,PUENTE DE VALLECAS / TODOS,01-01-2006,2006
55 - 59,4826,5383,10209,284,450,734,5110,5833,10943,PUENTE DE VALLECAS / TODOS,01-01-2006,2006
60 - 64,4341,5140,9481,156,253,409,4497,5393,9890,PUENTE DE VALLECAS / TODOS,01-01-2006,2006
65 - 69,4499,6037,10536,107,163,270,4606,6200,10806,PUENTE DE VALLECAS / TODOS,01-01-2006,2006
70 - 74,5206,7068,12274,71,114,185,5277,7182,12459,PUENTE DE VALLECAS / TODOS,01-01-2006,2006
75 - 79,4158,6341,10499,38,77,115,4196,6418,10614,PUENTE DE VALLECAS / TODOS,01-01-2006,2006
80 - 84,2371,4172,6543,17,33,50,2388,4205,6593,PUENTE DE VALLECAS / TODOS,01-01-2006,2006
85 - 89,871,2108,2979,6,16,22,877,2124,3001,PUENTE DE VALLECAS / TODOS,01-01-2006,2006
90 - 94,288,806,1094,5,6,11,293,812,1105,PUENTE DE VALLECAS / TODOS,01-01-2006,2006
95 - 99,52,190,242,1,1,2,53,191,244,PUENTE DE VALLECAS / TODOS,01-01-2006,2006
100 o más,13,27,40,0,0,0,13,27,40,PUENTE DE VALLECAS / TODOS,01-01-2006,2006
No Consta,1,0,1,5,3,8,6,3,9,PUENTE DE VALLECAS / TODOS,01-01-2006,2006
Total,45491,51188,96679,5029,5422,10451,50520,56610,107130,MORATALAZ / TODOS,01-01-2006,2006
0 - 4,2129,2124,4253,196,244,440,2325,2368,4693,MORATALAZ / TODOS,01-01-2006,2006
5 - 9,2143,2081,4224,232,219,451,2375,2300,4675,MORATALAZ / TODOS,01-01-2006,2006
10 - 14,2246,2070,4316,211,253,464,2457,2323,4780,MORATALAZ / TODOS,01-01-2006,2006
15 - 19,2141,2038,4179,306,266,572,2447,2304,4751,MORATALAZ / TODOS,01-01-2006,2006
20 - 24,2591,2415,5006,497,597,1094,3088,3012,6100,MORATALAZ / TODOS,01-01-2006,2006
25 - 29,3180,3037,6217,877,970,1847,4057,4007,8064,MORATALAZ / TODOS,01-01-2006,2006
30 - 34,3787,3678,7465,884,790,1674,4671,4468,9139,MORATALAZ / TODOS,01-01-2006,2006
35 - 39,3877,4136,8013,711,658,1369,4588,4794,9382,MORATALAZ / TODOS,01-01-2006,2006
40 - 44,3840,4053,7893,427,488,915,4267,4541,8808,MORATALAZ / TODOS,01-01-2006,2006
45 - 49,3209,3410,6619,299,323,622,3508,3733,7241,MORATALAZ / TODOS,01-01-2006,2006
50 - 54,2405,2857,5262,149,214,363,2554,3071,5625,MORATALAZ / TODOS,01-01-2006,2006
55 - 59,2305,2975,5280,80,135,215,2385,3110,5495,MORATALAZ / TODOS,01-01-2006,2006
60 - 64,2633,3401,6034,47,75,122,2680,3476,6156,MORATALAZ / TODOS,01-01-2006,2006
65 - 69,2687,3621,6308,51,77,128,2738,3698,6436,MORATALAZ / TODOS,01-01-2006,2006
70 - 74,2950,3565,6515,28,51,79,2978,3616,6594,MORATALAZ / TODOS,01-01-2006,2006
75 - 79,1884,2683,4567,18,27,45,1902,2710,4612,MORATALAZ / TODOS,01-01-2006,2006
80 - 84,943,1591,2534,9,18,27,952,1609,2561,MORATALAZ / TODOS,01-01-2006,2006
85 - 89,363,874,1237,7,9,16,370,883,1253,MORATALAZ / TODOS,01-01-2006,2006
90 - 94,147,440,587,0,4,4,147,444,591,MORATALAZ / TODOS,01-01-2006,2006
95 - 99,30,116,146,0,2,2,30,118,148,MORATALAZ / TODOS,01-01-2006,2006
100 o más,1,22,23,0,0,0,1,22,23,MORATALAZ / TODOS,01-01-2006,2006
No Consta,0,1,1,0,2,2,0,3,3,MORATALAZ / TODOS,01-01-2006,2006
Total,88971,104366,193337,19713,21342,41055,108684,125708,234392,CIUDAD LINEAL / TODOS,01-01-2006,2006
0 - 4,4330,4046,8376,939,891,1830,5269,4937,10206,CIUDAD LINEAL / TODOS,01-01-2006,2006
5 - 9,4031,3755,7786,931,908,1839,4962,4663,9625,CIUDAD LINEAL / TODOS,01-01-2006,2006
10 - 14,3872,3598,7470,1039,982,2021,4911,4580,9491,CIUDAD LINEAL / TODOS,01-01-2006,2006
15 - 19,4046,3964,8010,1061,1047,2108,5107,5011,10118,CIUDAD LINEAL / TODOS,01-01-2006,2006
20 - 24,4829,4798,9627,1798,2131,3929,6627,6929,13556,CIUDAD LINEAL / TODOS,01-01-2006,2006
25 - 29,6393,5896,12289,3198,3589,6787,9591,9485,19076,CIUDAD LINEAL / TODOS,01-01-2006,2006
30 - 34,7175,7272,14447,3234,3328,6562,10409,10600,21009,CIUDAD LINEAL / TODOS,01-01-2006,2006
35 - 39,7189,7691,14880,2717,2529,5246,9906,10220,20126,CIUDAD LINEAL / TODOS,01-01-2006,2006
40 - 44,7080,8072,15152,1895,2001,3896,8975,10073,19048,CIUDAD LINEAL / TODOS,01-01-2006,2006
45 - 49,6446,7404,13850,1242,1424,2666,7688,8828,16516,CIUDAD LINEAL / TODOS,01-01-2006,2006
50 - 54,5207,6346,11553,694,932,1626,5901,7278,13179,CIUDAD LINEAL / TODOS,01-01-2006,2006
55 - 59,5136,6464,11600,380,591,971,5516,7055,12571,CIUDAD LINEAL / TODOS,01-01-2006,2006
60 - 64,4932,6537,11469,204,326,530,5136,6863,11999,CIUDAD LINEAL / TODOS,01-01-2006,2006
65 - 69,4668,6530,11198,142,240,382,4810,6770,11580,CIUDAD LINEAL / TODOS,01-01-2006,2006
70 - 74,5383,7434,12817,104,182,286,5487,7616,13103,CIUDAD LINEAL / TODOS,01-01-2006,2006
75 - 79,4290,6313,10603,73,94,167,4363,6407,10770,CIUDAD LINEAL / TODOS,01-01-2006,2006
80 - 84,2542,4558,7100,42,77,119,2584,4635,7219,CIUDAD LINEAL / TODOS,01-01-2006,2006
85 - 89,962,2346,3308,5,38,43,967,2384,3351,CIUDAD LINEAL / TODOS,01-01-2006,2006
90 - 94,387,1049,1436,8,21,29,395,1070,1465,CIUDAD LINEAL / TODOS,01-01-2006,2006
95 - 99,63,246,309,1,4,5,64,250,314,CIUDAD LINEAL / TODOS,01-01-2006,2006
100 o más,7,43,50,0,2,2,7,45,52,CIUDAD LINEAL / TODOS,01-01-2006,2006
No Consta,3,4,7,6,5,11,9,9,18,CIUDAD LINEAL / TODOS,01-01-2006,2006
Total,68144,73653,141797,8411,9596,18007,76555,83249,159804,HORTALEZA / TODOS,01-01-2006,2006
0 - 4,3489,3417,6906,362,370,732,3851,3787,7638,HORTALEZA / TODOS,01-01-2006,2006
5 - 9,3414,3240,6654,491,506,997,3905,3746,7651,HORTALEZA / TODOS,01-01-2006,2006
10 - 14,3398,3214,6612,523,526,1049,3921,3740,7661,HORTALEZA / TODOS,01-01-2006,2006
15 - 19,3578,3347,6925,481,492,973,4059,3839,7898,HORTALEZA / TODOS,01-01-2006,2006
20 - 24,4115,3957,8072,662,873,1535,4777,4830,9607,HORTALEZA / TODOS,01-01-2006,2006
25 - 29,5513,5228,10741,1089,1385,2474,6602,6613,13215,HORTALEZA / TODOS,01-01-2006,2006
30 - 34,5920,5860,11780,1226,1395,2621,7146,7255,14401,HORTALEZA / TODOS,01-01-2006,2006
35 - 39,5502,5679,11181,1152,1164,2316,6654,6843,13497,HORTALEZA / TODOS,01-01-2006,2006
40 - 44,5616,6108,11724,865,918,1783,6481,7026,13507,HORTALEZA / TODOS,01-01-2006,2006
45 - 49,5021,5296,10317,593,689,1282,5614,5985,11599,HORTALEZA / TODOS,01-01-2006,2006
50 - 54,4078,4636,8714,378,481,859,4456,5117,9573,HORTALEZA / TODOS,01-01-2006,2006
55 - 59,4208,5114,9322,244,293,537,4452,5407,9859,HORTALEZA / TODOS,01-01-2006,2006
60 - 64,4291,4746,9037,132,193,325,4423,4939,9362,HORTALEZA / TODOS,01-01-2006,2006
65 - 69,3282,3742,7024,90,129,219,3372,3871,7243,HORTALEZA / TODOS,01-01-2006,2006
70 - 74,3015,3596,6611,46,70,116,3061,3666,6727,HORTALEZA / TODOS,01-01-2006,2006
75 - 79,2006,2817,4823,38,56,94,2044,2873,4917,HORTALEZA / TODOS,01-01-2006,2006
80 - 84,1126,1942,3068,23,25,48,1149,1967,3116,HORTALEZA / TODOS,01-01-2006,2006
85 - 89,379,1065,1444,7,16,23,386,1081,1467,HORTALEZA / TODOS,01-01-2006,2006
90 - 94,167,495,662,1,4,5,168,499,667,HORTALEZA / TODOS,01-01-2006,2006
95 - 99,23,129,152,5,6,11,28,135,163,HORTALEZA / TODOS,01-01-2006,2006
100 o más,2,23,25,1,3,4,3,26,29,HORTALEZA / TODOS,01-01-2006,2006
No Consta,1,2,3,2,2,4,3,4,7,HORTALEZA / TODOS,01-01-2006,2006
Total,56770,60745,117515,16224,14489,30713,72994,75234,148228,VILLAVERDE / TODOS,01-01-2006,2006
0 - 4,3384,3169,6553,872,814,1686,4256,3983,8239,VILLAVERDE / TODOS,01-01-2006,2006
5 - 9,2577,2583,5160,796,788,1584,3373,3371,6744,VILLAVERDE / TODOS,01-01-2006,2006
10 - 14,2494,2369,4863,774,860,1634,3268,3229,6497,VILLAVERDE / TODOS,01-01-2006,2006
15 - 19,2775,2684,5459,830,909,1739,3605,3593,7198,VILLAVERDE / TODOS,01-01-2006,2006
20 - 24,3282,3139,6421,1647,1672,3319,4929,4811,9740,VILLAVERDE / TODOS,01-01-2006,2006
25 - 29,4410,4302,8712,2871,2443,5314,7281,6745,14026,VILLAVERDE / TODOS,01-01-2006,2006
30 - 34,5379,5302,10681,2770,2185,4955,8149,7487,15636,VILLAVERDE / TODOS,01-01-2006,2006
35 - 39,5061,5039,10100,2193,1672,3865,7254,6711,13965,VILLAVERDE / TODOS,01-01-2006,2006
40 - 44,4939,4709,9648,1535,1116,2651,6474,5825,12299,VILLAVERDE / TODOS,01-01-2006,2006
45 - 49,3778,3748,7526,968,784,1752,4746,4532,9278,VILLAVERDE / TODOS,01-01-2006,2006
50 - 54,2790,2945,5735,458,500,958,3248,3445,6693,VILLAVERDE / TODOS,01-01-2006,2006
55 - 59,2700,3189,5889,247,273,520,2947,3462,6409,VILLAVERDE / TODOS,01-01-2006,2006
60 - 64,2884,3491,6375,98,168,266,2982,3659,6641,VILLAVERDE / TODOS,01-01-2006,2006
65 - 69,3048,3805,6853,67,138,205,3115,3943,7058,VILLAVERDE / TODOS,01-01-2006,2006
70 - 74,3290,4055,7345,52,85,137,3342,4140,7482,VILLAVERDE / TODOS,01-01-2006,2006
75 - 79,2293,3001,5294,29,50,79,2322,3051,5373,VILLAVERDE / TODOS,01-01-2006,2006
80 - 84,1152,1877,3029,7,20,27,1159,1897,3056,VILLAVERDE / TODOS,01-01-2006,2006
85 - 89,362,841,1203,6,8,14,368,849,1217,VILLAVERDE / TODOS,01-01-2006,2006
90 - 94,137,378,515,3,2,5,140,380,520,VILLAVERDE / TODOS,01-01-2006,2006
95 - 99,32,99,131,0,0,0,32,99,131,VILLAVERDE / TODOS,01-01-2006,2006
100 o más,3,20,23,1,0,1,4,20,24,VILLAVERDE / TODOS,01-01-2006,2006
No Consta,0,0,0,0,2,2,0,2,2,VILLAVERDE / TODOS,01-01-2006,2006
Total,28086,29565,57651,5010,4679,9689,33096,34244,67340,VILLA DE VALLECAS / TODOS,01-01-2006,2006
0 - 4,1557,1370,2927,290,302,592,1847,1672,3519,VILLA DE VALLECAS / TODOS,01-01-2006,2006
5 - 9,1433,1371,2804,284,275,559,1717,1646,3363,VILLA DE VALLECAS / TODOS,01-01-2006,2006
10 - 14,1535,1387,2922,253,228,481,1788,1615,3403,VILLA DE VALLECAS / TODOS,01-01-2006,2006
15 - 19,1732,1611,3343,311,265,576,2043,1876,3919,VILLA DE VALLECAS / TODOS,01-01-2006,2006
20 - 24,1891,1902,3793,528,590,1118,2419,2492,4911,VILLA DE VALLECAS / TODOS,01-01-2006,2006
25 - 29,2440,2394,4834,847,772,1619,3287,3166,6453,VILLA DE VALLECAS / TODOS,01-01-2006,2006
30 - 34,2412,2392,4804,787,683,1470,3199,3075,6274,VILLA DE VALLECAS / TODOS,01-01-2006,2006
35 - 39,2235,2282,4517,662,521,1183,2897,2803,5700,VILLA DE VALLECAS / TODOS,01-01-2006,2006
40 - 44,2322,2517,4839,407,358,765,2729,2875,5604,VILLA DE VALLECAS / TODOS,01-01-2006,2006
45 - 49,2235,2205,4440,313,262,575,2548,2467,5015,VILLA DE VALLECAS / TODOS,01-01-2006,2006
50 - 54,1747,1953,3700,171,173,344,1918,2126,4044,VILLA DE VALLECAS / TODOS,01-01-2006,2006
55 - 59,1791,1830,3621,65,85,150,1856,1915,3771,VILLA DE VALLECAS / TODOS,01-01-2006,2006
60 - 64,1263,1412,2675,34,58,92,1297,1470,2767,VILLA DE VALLECAS / TODOS,01-01-2006,2006
65 - 69,1124,1354,2478,23,39,62,1147,1393,2540,VILLA DE VALLECAS / TODOS,01-01-2006,2006
70 - 74,1075,1331,2406,16,30,46,1091,1361,2452,VILLA DE VALLECAS / TODOS,01-01-2006,2006
75 - 79,712,994,1706,9,17,26,721,1011,1732,VILLA DE VALLECAS / TODOS,01-01-2006,2006
80 - 84,387,727,1114,7,12,19,394,739,1133,VILLA DE VALLECAS / TODOS,01-01-2006,2006
85 - 89,138,336,474,3,4,7,141,340,481,VILLA DE VALLECAS / TODOS,01-01-2006,2006
90 - 94,48,159,207,0,4,4,48,163,211,VILLA DE VALLECAS / TODOS,01-01-2006,2006
95 - 99,9,34,43,0,0,0,9,34,43,VILLA DE VALLECAS / TODOS,01-01-2006,2006
100 o más,0,4,4,0,0,0,0,4,4,VILLA DE VALLECAS / TODOS,01-01-2006,2006
No Consta,0,0,0,0,1,1,0,1,1,VILLA DE VALLECAS / TODOS,01-01-2006,2006
Total,28537,29095,57632,4667,4630,9297,33204,33725,66929,VICALVARO / TODOS,01-01-2006,2006
0 - 4,1981,1936,3917,238,218,456,2219,2154,4373,VICALVARO / TODOS,01-01-2006,2006
5 - 9,1694,1538,3232,227,224,451,1921,1762,3683,VICALVARO / TODOS,01-01-2006,2006
10 - 14,1477,1400,2877,220,216,436,1697,1616,3313,VICALVARO / TODOS,01-01-2006,2006
15 - 19,1407,1275,2682,244,254,498,1651,1529,3180,VICALVARO / TODOS,01-01-2006,2006
20 - 24,1417,1315,2732,476,553,1029,1893,1868,3761,VICALVARO / TODOS,01-01-2006,2006
25 - 29,1962,2090,4052,837,826,1663,2799,2916,5715,VICALVARO / TODOS,01-01-2006,2006
30 - 34,3297,3248,6545,769,710,1479,4066,3958,8024,VICALVARO / TODOS,01-01-2006,2006
35 - 39,3158,3089,6247,605,509,1114,3763,3598,7361,VICALVARO / TODOS,01-01-2006,2006
40 - 44,2820,2702,5522,453,411,864,3273,3113,6386,VICALVARO / TODOS,01-01-2006,2006
45 - 49,2057,1983,4040,282,275,557,2339,2258,4597,VICALVARO / TODOS,01-01-2006,2006
50 - 54,1285,1303,2588,148,155,303,1433,1458,2891,VICALVARO / TODOS,01-01-2006,2006
55 - 59,1107,1327,2434,68,102,170,1175,1429,2604,VICALVARO / TODOS,01-01-2006,2006
60 - 64,1226,1496,2722,37,63,100,1263,1559,2822,VICALVARO / TODOS,01-01-2006,2006
65 - 69,1374,1434,2808,21,43,64,1395,1477,2872,VICALVARO / TODOS,01-01-2006,2006
70 - 74,1132,1174,2306,17,41,58,1149,1215,2364,VICALVARO / TODOS,01-01-2006,2006
75 - 79,658,857,1515,16,16,32,674,873,1547,VICALVARO / TODOS,01-01-2006,2006
80 - 84,325,524,849,4,9,13,329,533,862,VICALVARO / TODOS,01-01-2006,2006
85 - 89,113,257,370,4,4,8,117,261,378,VICALVARO / TODOS,01-01-2006,2006
90 - 94,39,118,157,1,1,2,40,119,159,VICALVARO / TODOS,01-01-2006,2006
95 - 99,6,25,31,0,0,0,6,25,31,VICALVARO / TODOS,01-01-2006,2006
100 o más,1,4,5,0,0,0,1,4,5,VICALVARO / TODOS,01-01-2006,2006
No Consta,1,0,1,0,0,0,1,0,1,VICALVARO / TODOS,01-01-2006,2006
Total,64013,69465,133478,10350,9135,19485,74363,78600,152963,SAN BLAS-CANILLEJAS / TODOS,01-01-2006,2006
0 - 4,4132,3857,7989,365,367,732,4497,4224,8721,SAN BLAS-CANILLEJAS / TODOS,01-01-2006,2006
5 - 9,3228,3102,6330,435,431,866,3663,3533,7196,SAN BLAS-CANILLEJAS / TODOS,01-01-2006,2006
10 - 14,2931,2782,5713,456,469,925,3387,3251,6638,SAN BLAS-CANILLEJAS / TODOS,01-01-2006,2006
15 - 19,2995,2856,5851,518,508,1026,3513,3364,6877,SAN BLAS-CANILLEJAS / TODOS,01-01-2006,2006
20 - 24,3378,3081,6459,1043,985,2028,4421,4066,8487,SAN BLAS-CANILLEJAS / TODOS,01-01-2006,2006
25 - 29,4090,3986,8076,1866,1558,3424,5956,5544,11500,SAN BLAS-CANILLEJAS / TODOS,01-01-2006,2006
30 - 34,5533,5658,11191,1775,1445,3220,7308,7103,14411,SAN BLAS-CANILLEJAS / TODOS,01-01-2006,2006
35 - 39,6747,6553,13300,1507,1119,2626,8254,7672,15926,SAN BLAS-CANILLEJAS / TODOS,01-01-2006,2006
40 - 44,6135,6134,12269,941,827,1768,7076,6961,14037,SAN BLAS-CANILLEJAS / TODOS,01-01-2006,2006
45 - 49,4957,4995,9952,637,521,1158,5594,5516,11110,SAN BLAS-CANILLEJAS / TODOS,01-01-2006,2006
50 - 54,3463,3619,7082,358,364,722,3821,3983,7804,SAN BLAS-CANILLEJAS / TODOS,01-01-2006,2006
55 - 59,3014,3264,6278,226,239,465,3240,3503,6743,SAN BLAS-CANILLEJAS / TODOS,01-01-2006,2006
60 - 64,2668,3043,5711,88,114,202,2756,3157,5913,SAN BLAS-CANILLEJAS / TODOS,01-01-2006,2006
65 - 69,2565,3680,6245,62,81,143,2627,3761,6388,SAN BLAS-CANILLEJAS / TODOS,01-01-2006,2006
70 - 74,3320,4526,7846,33,55,88,3353,4581,7934,SAN BLAS-CANILLEJAS / TODOS,01-01-2006,2006
75 - 79,2733,3982,6715,20,35,55,2753,4017,6770,SAN BLAS-CANILLEJAS / TODOS,01-01-2006,2006
80 - 84,1435,2628,4063,10,8,18,1445,2636,4081,SAN BLAS-CANILLEJAS / TODOS,01-01-2006,2006
85 - 89,501,1123,1624,5,4,9,506,1127,1633,SAN BLAS-CANILLEJAS / TODOS,01-01-2006,2006
90 - 94,165,444,609,2,2,4,167,446,613,SAN BLAS-CANILLEJAS / TODOS,01-01-2006,2006
95 - 99,18,133,151,2,0,2,20,133,153,SAN BLAS-CANILLEJAS / TODOS,01-01-2006,2006
100 o más,5,17,22,0,0,0,5,17,22,SAN BLAS-CANILLEJAS / TODOS,01-01-2006,2006
No Consta,0,2,2,1,3,4,1,5,6,SAN BLAS-CANILLEJAS / TODOS,01-01-2006,2006
Total,19136,19407,38543,2491,2658,5149,21627,22065,43692,BARAJAS / TODOS,01-01-2006,2006
0 - 4,1323,1159,2482,112,118,230,1435,1277,2712,BARAJAS / TODOS,01-01-2006,2006
5 - 9,979,893,1872,125,102,227,1104,995,2099,BARAJAS / TODOS,01-01-2006,2006
10 - 14,872,786,1658,106,137,243,978,923,1901,BARAJAS / TODOS,01-01-2006,2006
15 - 19,876,886,1762,128,150,278,1004,1036,2040,BARAJAS / TODOS,01-01-2006,2006
20 - 24,1230,1056,2286,236,252,488,1466,1308,2774,BARAJAS / TODOS,01-01-2006,2006
25 - 29,1702,1505,3207,341,419,760,2043,1924,3967,BARAJAS / TODOS,01-01-2006,2006
30 - 34,1939,1967,3906,391,388,779,2330,2355,4685,BARAJAS / TODOS,01-01-2006,2006
35 - 39,1732,1732,3464,349,345,694,2081,2077,4158,BARAJAS / TODOS,01-01-2006,2006
40 - 44,1528,1605,3133,266,250,516,1794,1855,3649,BARAJAS / TODOS,01-01-2006,2006
45 - 49,1332,1280,2612,162,176,338,1494,1456,2950,BARAJAS / TODOS,01-01-2006,2006
50 - 54,1070,1320,2390,111,135,246,1181,1455,2636,BARAJAS / TODOS,01-01-2006,2006
55 - 59,1297,1455,2752,72,56,128,1369,1511,2880,BARAJAS / TODOS,01-01-2006,2006
60 - 64,1085,1188,2273,33,51,84,1118,1239,2357,BARAJAS / TODOS,01-01-2006,2006
65 - 69,816,745,1561,20,30,50,836,775,1611,BARAJAS / TODOS,01-01-2006,2006
70 - 74,587,616,1203,19,14,33,606,630,1236,BARAJAS / TODOS,01-01-2006,2006
75 - 79,372,505,877,7,11,18,379,516,895,BARAJAS / TODOS,01-01-2006,2006
80 - 84,269,386,655,7,13,20,276,399,675,BARAJAS / TODOS,01-01-2006,2006
85 - 89,87,205,292,4,7,11,91,212,303,BARAJAS / TODOS,01-01-2006,2006
90 - 94,30,89,119,1,2,3,31,91,122,BARAJAS / TODOS,01-01-2006,2006
95 - 99,8,25,33,1,2,3,9,27,36,BARAJAS / TODOS,01-01-2006,2006
100 o más,2,4,6,0,0,0,2,4,6,BARAJAS / TODOS,01-01-2006,2006
Total,48552,55461,104013,20372,16912,37284,68924,72373,141297,CENTRO / TODOS,01-01-2007,2007
0 - 4,1740,1679,3419,626,666,1292,2366,2345,4711,CENTRO / TODOS,01-01-2007,2007
5 - 9,1548,1481,3029,507,498,1005,2055,1979,4034,CENTRO / TODOS,01-01-2007,2007
10 - 14,1259,1241,2500,572,546,1118,1831,1787,3618,CENTRO / TODOS,01-01-2007,2007
15 - 19,1432,1383,2815,710,559,1269,2142,1942,4084,CENTRO / TODOS,01-01-2007,2007
20 - 24,1896,1813,3709,1620,1478,3098,3516,3291,6807,CENTRO / TODOS,01-01-2007,2007
25 - 29,3463,3413,6876,3619,3056,6675,7082,6469,13551,CENTRO / TODOS,01-01-2007,2007
30 - 34,5621,5362,10983,4248,3119,7367,9869,8481,18350,CENTRO / TODOS,01-01-2007,2007
35 - 39,5498,4700,10198,3242,2253,5495,8740,6953,15693,CENTRO / TODOS,01-01-2007,2007
40 - 44,4799,4332,9131,2205,1572,3777,7004,5904,12908,CENTRO / TODOS,01-01-2007,2007
45 - 49,4096,4189,8285,1328,1146,2474,5424,5335,10759,CENTRO / TODOS,01-01-2007,2007
50 - 54,3450,3650,7100,747,816,1563,4197,4466,8663,CENTRO / TODOS,01-01-2007,2007
55 - 59,2979,3313,6292,416,498,914,3395,3811,7206,CENTRO / TODOS,01-01-2007,2007
60 - 64,2584,2987,5571,257,274,531,2841,3261,6102,CENTRO / TODOS,01-01-2007,2007
65 - 69,1990,2611,4601,117,174,291,2107,2785,4892,CENTRO / TODOS,01-01-2007,2007
70 - 74,1953,3037,4990,78,118,196,2031,3155,5186,CENTRO / TODOS,01-01-2007,2007
75 - 79,1940,3568,5508,51,66,117,1991,3634,5625,CENTRO / TODOS,01-01-2007,2007
80 - 84,1328,3088,4416,22,42,64,1350,3130,4480,CENTRO / TODOS,01-01-2007,2007
85 - 89,662,2183,2845,6,13,19,668,2196,2864,CENTRO / TODOS,01-01-2007,2007
90 - 94,250,1083,1333,0,13,13,250,1096,1346,CENTRO / TODOS,01-01-2007,2007
95 - 99,52,298,350,1,5,6,53,303,356,CENTRO / TODOS,01-01-2007,2007
100 o más,12,49,61,0,0,0,12,49,61,CENTRO / TODOS,01-01-2007,2007
No Consta,0,1,1,0,0,0,0,1,1,CENTRO / TODOS,01-01-2007,2007
Total,58065,68222,126287,11467,11745,23212,69532,79967,149499,ARGANZUELA / TODOS,01-01-2007,2007
0 - 4,2757,2648,5405,406,419,825,3163,3067,6230,ARGANZUELA / TODOS,01-01-2007,2007
5 - 9,2752,2519,5271,373,365,738,3125,2884,6009,ARGANZUELA / TODOS,01-01-2007,2007
10 - 14,2368,2320,4688,502,458,960,2870,2778,5648,ARGANZUELA / TODOS,01-01-2007,2007
15 - 19,2430,2381,4811,530,524,1054,2960,2905,5865,ARGANZUELA / TODOS,01-01-2007,2007
20 - 24,3150,2987,6137,1010,1132,2142,4160,4119,8279,ARGANZUELA / TODOS,01-01-2007,2007
25 - 29,4231,3964,8195,1936,2094,4030,6167,6058,12225,ARGANZUELA / TODOS,01-01-2007,2007
30 - 34,4828,5113,9941,2133,1960,4093,6961,7073,14034,ARGANZUELA / TODOS,01-01-2007,2007
35 - 39,5076,5410,10486,1620,1439,3059,6696,6849,13545,ARGANZUELA / TODOS,01-01-2007,2007
40 - 44,5375,5768,11143,1175,1194,2369,6550,6962,13512,ARGANZUELA / TODOS,01-01-2007,2007
45 - 49,4862,5625,10487,800,814,1614,5662,6439,12101,ARGANZUELA / TODOS,01-01-2007,2007
50 - 54,4314,5209,9523,514,558,1072,4828,5767,10595,ARGANZUELA / TODOS,01-01-2007,2007
55 - 59,3811,4464,8275,203,338,541,4014,4802,8816,ARGANZUELA / TODOS,01-01-2007,2007
60 - 64,2924,3712,6636,116,180,296,3040,3892,6932,ARGANZUELA / TODOS,01-01-2007,2007
65 - 69,2197,3015,5212,52,102,154,2249,3117,5366,ARGANZUELA / TODOS,01-01-2007,2007
70 - 74,2354,3510,5864,48,91,139,2402,3601,6003,ARGANZUELA / TODOS,01-01-2007,2007
75 - 79,2115,3489,5604,21,32,53,2136,3521,5657,ARGANZUELA / TODOS,01-01-2007,2007
80 - 84,1430,2942,4372,21,31,52,1451,2973,4424,ARGANZUELA / TODOS,01-01-2007,2007
85 - 89,730,1952,2682,5,9,14,735,1961,2696,ARGANZUELA / TODOS,01-01-2007,2007
90 - 94,289,921,1210,0,4,4,289,925,1214,ARGANZUELA / TODOS,01-01-2007,2007
95 - 99,66,241,307,0,1,1,66,242,308,ARGANZUELA / TODOS,01-01-2007,2007
100 o más,4,30,34,1,0,1,5,30,35,ARGANZUELA / TODOS,01-01-2007,2007
No Consta,2,2,4,1,0,1,3,2,5,ARGANZUELA / TODOS,01-01-2007,2007
Total,51465,61418,112883,5111,6436,11547,56576,67854,124430,RETIRO / TODOS,01-01-2007,2007
0 - 4,2204,2069,4273,187,178,365,2391,2247,4638,RETIRO / TODOS,01-01-2007,2007
5 - 9,2250,2112,4362,198,166,364,2448,2278,4726,RETIRO / TODOS,01-01-2007,2007
10 - 14,2087,2068,4155,172,215,387,2259,2283,4542,RETIRO / TODOS,01-01-2007,2007
15 - 19,2315,2255,4570,205,210,415,2520,2465,4985,RETIRO / TODOS,01-01-2007,2007
20 - 24,2947,2953,5900,394,571,965,3341,3524,6865,RETIRO / TODOS,01-01-2007,2007
25 - 29,3927,3742,7669,796,1041,1837,4723,4783,9506,RETIRO / TODOS,01-01-2007,2007
30 - 34,4342,4208,8550,923,1124,2047,5265,5332,10597,RETIRO / TODOS,01-01-2007,2007
35 - 39,3737,3937,7674,801,836,1637,4538,4773,9311,RETIRO / TODOS,01-01-2007,2007
40 - 44,3904,4237,8141,502,581,1083,4406,4818,9224,RETIRO / TODOS,01-01-2007,2007
45 - 49,3581,4310,7891,340,506,846,3921,4816,8737,RETIRO / TODOS,01-01-2007,2007
50 - 54,3500,4611,8111,205,388,593,3705,4999,8704,RETIRO / TODOS,01-01-2007,2007
55 - 59,3598,4545,8143,128,228,356,3726,4773,8499,RETIRO / TODOS,01-01-2007,2007
60 - 64,3337,4193,7530,87,133,220,3424,4326,7750,RETIRO / TODOS,01-01-2007,2007
65 - 69,2527,3308,5835,65,98,163,2592,3406,5998,RETIRO / TODOS,01-01-2007,2007
70 - 74,2487,3509,5996,51,65,116,2538,3574,6112,RETIRO / TODOS,01-01-2007,2007
75 - 79,2031,3529,5560,26,41,67,2057,3570,5627,RETIRO / TODOS,01-01-2007,2007
80 - 84,1565,2834,4399,20,20,40,1585,2854,4439,RETIRO / TODOS,01-01-2007,2007
85 - 89,751,1802,2553,3,20,23,754,1822,2576,RETIRO / TODOS,01-01-2007,2007
90 - 94,289,893,1182,4,8,12,293,901,1194,RETIRO / TODOS,01-01-2007,2007
95 - 99,74,260,334,3,6,9,77,266,343,RETIRO / TODOS,01-01-2007,2007
100 o más,11,43,54,1,0,1,12,43,55,RETIRO / TODOS,01-01-2007,2007
No Consta,1,0,1,0,1,1,1,1,2,RETIRO / TODOS,01-01-2007,2007
Total,55969,71270,127239,8280,11127,19407,64249,82397,146646,SALAMANCA / TODOS,01-01-2007,2007
0 - 4,2486,2389,4875,310,285,595,2796,2674,5470,SALAMANCA / TODOS,01-01-2007,2007
5 - 9,2419,2331,4750,259,272,531,2678,2603,5281,SALAMANCA / TODOS,01-01-2007,2007
10 - 14,2197,2133,4330,294,293,587,2491,2426,4917,SALAMANCA / TODOS,01-01-2007,2007
15 - 19,2415,2293,4708,411,308,719,2826,2601,5427,SALAMANCA / TODOS,01-01-2007,2007
20 - 24,2881,2930,5811,572,859,1431,3453,3789,7242,SALAMANCA / TODOS,01-01-2007,2007
25 - 29,3914,3983,7897,1255,1833,3088,5169,5816,10985,SALAMANCA / TODOS,01-01-2007,2007
30 - 34,4739,4916,9655,1559,1961,3520,6298,6877,13175,SALAMANCA / TODOS,01-01-2007,2007
35 - 39,4474,4752,9226,1172,1506,2678,5646,6258,11904,SALAMANCA / TODOS,01-01-2007,2007
40 - 44,4374,4914,9288,849,1098,1947,5223,6012,11235,SALAMANCA / TODOS,01-01-2007,2007
45 - 49,4046,4942,8988,495,910,1405,4541,5852,10393,SALAMANCA / TODOS,01-01-2007,2007
50 - 54,3652,4662,8314,383,704,1087,4035,5366,9401,SALAMANCA / TODOS,01-01-2007,2007
55 - 59,3589,4821,8410,241,465,706,3830,5286,9116,SALAMANCA / TODOS,01-01-2007,2007
60 - 64,3343,4608,7951,190,256,446,3533,4864,8397,SALAMANCA / TODOS,01-01-2007,2007
65 - 69,2576,3915,6491,106,132,238,2682,4047,6729,SALAMANCA / TODOS,01-01-2007,2007
70 - 74,2762,4587,7349,73,77,150,2835,4664,7499,SALAMANCA / TODOS,01-01-2007,2007
75 - 79,2641,4477,7118,55,59,114,2696,4536,7232,SALAMANCA / TODOS,01-01-2007,2007
80 - 84,1896,3897,5793,32,43,75,1928,3940,5868,SALAMANCA / TODOS,01-01-2007,2007
85 - 89,1022,2706,3728,16,31,47,1038,2737,3775,SALAMANCA / TODOS,01-01-2007,2007
90 - 94,423,1463,1886,4,25,29,427,1488,1915,SALAMANCA / TODOS,01-01-2007,2007
95 - 99,108,464,572,1,5,6,109,469,578,SALAMANCA / TODOS,01-01-2007,2007
100 o más,11,84,95,3,4,7,14,88,102,SALAMANCA / TODOS,01-01-2007,2007
No Consta,1,3,4,0,1,1,1,4,5,SALAMANCA / TODOS,01-01-2007,2007
Total,57737,69431,127168,6790,9753,16543,64527,79184,143711,CHAMARTIN / TODOS,01-01-2007,2007
0 - 4,2808,2577,5385,262,276,538,3070,2853,5923,CHAMARTIN / TODOS,01-01-2007,2007
5 - 9,2865,2725,5590,233,254,487,3098,2979,6077,CHAMARTIN / TODOS,01-01-2007,2007
10 - 14,2771,2557,5328,279,271,550,3050,2828,5878,CHAMARTIN / TODOS,01-01-2007,2007
15 - 19,2762,2652,5414,327,316,643,3089,2968,6057,CHAMARTIN / TODOS,01-01-2007,2007
20 - 24,3192,3041,6233,505,812,1317,3697,3853,7550,CHAMARTIN / TODOS,01-01-2007,2007
25 - 29,3876,3839,7715,947,1481,2428,4823,5320,10143,CHAMARTIN / TODOS,01-01-2007,2007
30 - 34,4768,4887,9655,1123,1577,2700,5891,6464,12355,CHAMARTIN / TODOS,01-01-2007,2007
35 - 39,4459,4789,9248,934,1318,2252,5393,6107,11500,CHAMARTIN / TODOS,01-01-2007,2007
40 - 44,4344,5035,9379,703,977,1680,5047,6012,11059,CHAMARTIN / TODOS,01-01-2007,2007
45 - 49,4085,4977,9062,454,783,1237,4539,5760,10299,CHAMARTIN / TODOS,01-01-2007,2007
50 - 54,3776,4707,8483,316,546,862,4092,5253,9345,CHAMARTIN / TODOS,01-01-2007,2007
55 - 59,3642,4658,8300,220,379,599,3862,5037,8899,CHAMARTIN / TODOS,01-01-2007,2007
60 - 64,3447,4564,8011,146,271,417,3593,4835,8428,CHAMARTIN / TODOS,01-01-2007,2007
65 - 69,2648,3848,6496,128,154,282,2776,4002,6778,CHAMARTIN / TODOS,01-01-2007,2007
70 - 74,2737,4081,6818,76,99,175,2813,4180,6993,CHAMARTIN / TODOS,01-01-2007,2007
75 - 79,2405,4030,6435,65,88,153,2470,4118,6588,CHAMARTIN / TODOS,01-01-2007,2007
80 - 84,1839,3239,5078,33,68,101,1872,3307,5179,CHAMARTIN / TODOS,01-01-2007,2007
85 - 89,886,1999,2885,22,46,68,908,2045,2953,CHAMARTIN / TODOS,01-01-2007,2007
90 - 94,346,928,1274,10,23,33,356,951,1307,CHAMARTIN / TODOS,01-01-2007,2007
95 - 99,64,255,319,5,10,15,69,265,334,CHAMARTIN / TODOS,01-01-2007,2007
100 o más,14,43,57,2,3,5,16,46,62,CHAMARTIN / TODOS,01-01-2007,2007
No Consta,3,0,3,0,1,1,3,1,4,CHAMARTIN / TODOS,01-01-2007,2007
Total,54433,66554,120987,14934,16246,31180,69367,82800,152167,TETUAN / TODOS,01-01-2007,2007
0 - 4,2245,2236,4481,695,652,1347,2940,2888,5828,TETUAN / TODOS,01-01-2007,2007
5 - 9,2195,2040,4235,550,503,1053,2745,2543,5288,TETUAN / TODOS,01-01-2007,2007
10 - 14,1962,1843,3805,686,659,1345,2648,2502,5150,TETUAN / TODOS,01-01-2007,2007
15 - 19,2181,2117,4298,663,764,1427,2844,2881,5725,TETUAN / TODOS,01-01-2007,2007
20 - 24,2856,2774,5630,1325,1578,2903,4181,4352,8533,TETUAN / TODOS,01-01-2007,2007
25 - 29,3923,4018,7941,2495,2787,5282,6418,6805,13223,TETUAN / TODOS,01-01-2007,2007
30 - 34,5085,5182,10267,2624,2623,5247,7709,7805,15514,TETUAN / TODOS,01-01-2007,2007
35 - 39,4699,4697,9396,2166,2060,4226,6865,6757,13622,TETUAN / TODOS,01-01-2007,2007
40 - 44,4305,4924,9229,1496,1552,3048,5801,6476,12277,TETUAN / TODOS,01-01-2007,2007
45 - 49,4036,4699,8735,946,1138,2084,4982,5837,10819,TETUAN / TODOS,01-01-2007,2007
50 - 54,3381,4406,7787,587,749,1336,3968,5155,9123,TETUAN / TODOS,01-01-2007,2007
55 - 59,3250,4182,7432,311,492,803,3561,4674,8235,TETUAN / TODOS,01-01-2007,2007
60 - 64,2936,3965,6901,155,273,428,3091,4238,7329,TETUAN / TODOS,01-01-2007,2007
65 - 69,2518,3391,5909,86,177,263,2604,3568,6172,TETUAN / TODOS,01-01-2007,2007
70 - 74,2813,4431,7244,68,106,174,2881,4537,7418,TETUAN / TODOS,01-01-2007,2007
75 - 79,2699,4502,7201,48,79,127,2747,4581,7328,TETUAN / TODOS,01-01-2007,2007
80 - 84,1938,3688,5626,22,33,55,1960,3721,5681,TETUAN / TODOS,01-01-2007,2007
85 - 89,962,2170,3132,6,12,18,968,2182,3150,TETUAN / TODOS,01-01-2007,2007
90 - 94,359,973,1332,5,7,12,364,980,1344,TETUAN / TODOS,01-01-2007,2007
95 - 99,82,287,369,0,0,0,82,287,369,TETUAN / TODOS,01-01-2007,2007
100 o más,8,27,35,0,2,2,8,29,37,TETUAN / TODOS,01-01-2007,2007
No Consta,0,2,2,0,0,0,0,2,2,TETUAN / TODOS,01-01-2007,2007
Total,54101,71061,125162,8774,11519,20293,62875,82580,145455,CHAMBERI / TODOS,01-01-2007,2007
0 - 4,2226,2059,4285,315,277,592,2541,2336,4877,CHAMBERI / TODOS,01-01-2007,2007
5 - 9,2107,2118,4225,251,258,509,2358,2376,4734,CHAMBERI / TODOS,01-01-2007,2007
10 - 14,2047,1967,4014,332,317,649,2379,2284,4663,CHAMBERI / TODOS,01-01-2007,2007
15 - 19,2257,2094,4351,376,381,757,2633,2475,5108,CHAMBERI / TODOS,01-01-2007,2007
20 - 24,2779,2983,5762,679,1003,1682,3458,3986,7444,CHAMBERI / TODOS,01-01-2007,2007
25 - 29,4027,4203,8230,1437,2013,3450,5464,6216,11680,CHAMBERI / TODOS,01-01-2007,2007
30 - 34,4761,5060,9821,1639,1947,3586,6400,7007,13407,CHAMBERI / TODOS,01-01-2007,2007
35 - 39,4239,4365,8604,1264,1508,2772,5503,5873,11376,CHAMBERI / TODOS,01-01-2007,2007
40 - 44,3988,4681,8669,879,1155,2034,4867,5836,10703,CHAMBERI / TODOS,01-01-2007,2007
45 - 49,3840,4759,8599,575,934,1509,4415,5693,10108,CHAMBERI / TODOS,01-01-2007,2007
50 - 54,3646,4936,8582,391,660,1051,4037,5596,9633,CHAMBERI / TODOS,01-01-2007,2007
55 - 59,3659,4856,8515,252,412,664,3911,5268,9179,CHAMBERI / TODOS,01-01-2007,2007
60 - 64,3355,4742,8097,139,234,373,3494,4976,8470,CHAMBERI / TODOS,01-01-2007,2007
65 - 69,2483,3825,6308,74,131,205,2557,3956,6513,CHAMBERI / TODOS,01-01-2007,2007
70 - 74,2662,4394,7056,66,93,159,2728,4487,7215,CHAMBERI / TODOS,01-01-2007,2007
75 - 79,2468,4661,7129,37,78,115,2505,4739,7244,CHAMBERI / TODOS,01-01-2007,2007
80 - 84,1911,4287,6198,31,58,89,1942,4345,6287,CHAMBERI / TODOS,01-01-2007,2007
85 - 89,1053,3001,4054,24,25,49,1077,3026,4103,CHAMBERI / TODOS,01-01-2007,2007
90 - 94,472,1537,2009,6,25,31,478,1562,2040,CHAMBERI / TODOS,01-01-2007,2007
95 - 99,103,469,572,5,7,12,108,476,584,CHAMBERI / TODOS,01-01-2007,2007
100 o más,17,63,80,2,3,5,19,66,85,CHAMBERI / TODOS,01-01-2007,2007
No Consta,1,1,2,0,0,0,1,1,2,CHAMBERI / TODOS,01-01-2007,2007
Total,91388,101508,192896,9007,10751,19758,100395,112259,212654,FUENCARRAL-EL PARDO / TODOS,01-01-2007,2007
0 - 4,4282,4034,8316,400,444,844,4682,4478,9160,FUENCARRAL-EL PARDO / TODOS,01-01-2007,2007
5 - 9,4264,4140,8404,433,369,802,4697,4509,9206,FUENCARRAL-EL PARDO / TODOS,01-01-2007,2007
10 - 14,4135,3947,8082,517,453,970,4652,4400,9052,FUENCARRAL-EL PARDO / TODOS,01-01-2007,2007
15 - 19,4511,4368,8879,494,507,1001,5005,4875,9880,FUENCARRAL-EL PARDO / TODOS,01-01-2007,2007
20 - 24,5636,5479,11115,707,916,1623,6343,6395,12738,FUENCARRAL-EL PARDO / TODOS,01-01-2007,2007
25 - 29,7371,6935,14306,1291,1750,3041,8662,8685,17347,FUENCARRAL-EL PARDO / TODOS,01-01-2007,2007
30 - 34,8277,7996,16273,1476,1663,3139,9753,9659,19412,FUENCARRAL-EL PARDO / TODOS,01-01-2007,2007
35 - 39,6889,6996,13885,1185,1380,2565,8074,8376,16450,FUENCARRAL-EL PARDO / TODOS,01-01-2007,2007
40 - 44,6396,7077,13473,893,1016,1909,7289,8093,15382,FUENCARRAL-EL PARDO / TODOS,01-01-2007,2007
45 - 49,6077,7183,13260,644,787,1431,6721,7970,14691,FUENCARRAL-EL PARDO / TODOS,01-01-2007,2007
50 - 54,5779,7139,12918,370,558,928,6149,7697,13846,FUENCARRAL-EL PARDO / TODOS,01-01-2007,2007
55 - 59,6317,7740,14057,232,353,585,6549,8093,14642,FUENCARRAL-EL PARDO / TODOS,01-01-2007,2007
60 - 64,6379,7247,13626,118,191,309,6497,7438,13935,FUENCARRAL-EL PARDO / TODOS,01-01-2007,2007
65 - 69,4635,5258,9893,106,132,238,4741,5390,10131,FUENCARRAL-EL PARDO / TODOS,01-01-2007,2007
70 - 74,4187,5216,9403,68,97,165,4255,5313,9568,FUENCARRAL-EL PARDO / TODOS,01-01-2007,2007
75 - 79,3078,4223,7301,43,60,103,3121,4283,7404,FUENCARRAL-EL PARDO / TODOS,01-01-2007,2007
80 - 84,1934,3287,5221,20,43,63,1954,3330,5284,FUENCARRAL-EL PARDO / TODOS,01-01-2007,2007
85 - 89,865,1980,2845,6,20,26,871,2000,2871,FUENCARRAL-EL PARDO / TODOS,01-01-2007,2007
90 - 94,287,950,1237,3,9,12,290,959,1249,FUENCARRAL-EL PARDO / TODOS,01-01-2007,2007
95 - 99,82,270,352,0,2,2,82,272,354,FUENCARRAL-EL PARDO / TODOS,01-01-2007,2007
100 o más,5,43,48,1,1,2,6,44,50,FUENCARRAL-EL PARDO / TODOS,01-01-2007,2007
No Consta,2,0,2,0,0,0,2,0,2,FUENCARRAL-EL PARDO / TODOS,01-01-2007,2007
Total,47428,55234,102662,6211,8393,14604,53639,63627,117266,MONCLOA-ARAVACA / TODOS,01-01-2007,2007
0 - 4,2468,2320,4788,232,222,454,2700,2542,5242,MONCLOA-ARAVACA / TODOS,01-01-2007,2007
5 - 9,2582,2566,5148,235,263,498,2817,2829,5646,MONCLOA-ARAVACA / TODOS,01-01-2007,2007
10 - 14,2285,2308,4593,231,260,491,2516,2568,5084,MONCLOA-ARAVACA / TODOS,01-01-2007,2007
15 - 19,2170,2150,4320,276,307,583,2446,2457,4903,MONCLOA-ARAVACA / TODOS,01-01-2007,2007
20 - 24,2606,2639,5245,495,773,1268,3101,3412,6513,MONCLOA-ARAVACA / TODOS,01-01-2007,2007
25 - 29,3182,3208,6390,984,1405,2389,4166,4613,8779,MONCLOA-ARAVACA / TODOS,01-01-2007,2007
30 - 34,3606,3559,7165,1035,1342,2377,4641,4901,9542,MONCLOA-ARAVACA / TODOS,01-01-2007,2007
35 - 39,3655,3908,7563,857,1098,1955,4512,5006,9518,MONCLOA-ARAVACA / TODOS,01-01-2007,2007
40 - 44,3915,4189,8104,702,832,1534,4617,5021,9638,MONCLOA-ARAVACA / TODOS,01-01-2007,2007
45 - 49,3632,3987,7619,452,666,1118,4084,4653,8737,MONCLOA-ARAVACA / TODOS,01-01-2007,2007
50 - 54,3105,3768,6873,289,506,795,3394,4274,7668,MONCLOA-ARAVACA / TODOS,01-01-2007,2007
55 - 59,3100,3663,6763,168,296,464,3268,3959,7227,MONCLOA-ARAVACA / TODOS,01-01-2007,2007
60 - 64,2744,3439,6183,92,175,267,2836,3614,6450,MONCLOA-ARAVACA / TODOS,01-01-2007,2007
65 - 69,2138,2768,4906,65,89,154,2203,2857,5060,MONCLOA-ARAVACA / TODOS,01-01-2007,2007
70 - 74,2238,3057,5295,39,48,87,2277,3105,5382,MONCLOA-ARAVACA / TODOS,01-01-2007,2007
75 - 79,1837,2848,4685,30,40,70,1867,2888,4755,MONCLOA-ARAVACA / TODOS,01-01-2007,2007
80 - 84,1173,2366,3539,11,33,44,1184,2399,3583,MONCLOA-ARAVACA / TODOS,01-01-2007,2007
85 - 89,656,1500,2156,15,18,33,671,1518,2189,MONCLOA-ARAVACA / TODOS,01-01-2007,2007
90 - 94,258,745,1003,1,14,15,259,759,1018,MONCLOA-ARAVACA / TODOS,01-01-2007,2007
95 - 99,68,214,282,1,4,5,69,218,287,MONCLOA-ARAVACA / TODOS,01-01-2007,2007
100 o más,8,29,37,0,1,1,8,30,38,MONCLOA-ARAVACA / TODOS,01-01-2007,2007
No Consta,2,3,5,1,1,2,3,4,7,MONCLOA-ARAVACA / TODOS,01-01-2007,2007
Total,99465,112400,211865,22880,21714,44594,122345,134114,256459,LATINA / TODOS,01-01-2007,2007
0 - 4,4007,3815,7822,940,891,1831,4947,4706,9653,LATINA / TODOS,01-01-2007,2007
5 - 9,3918,3690,7608,880,820,1700,4798,4510,9308,LATINA / TODOS,01-01-2007,2007
10 - 14,3614,3504,7118,1058,1000,2058,4672,4504,9176,LATINA / TODOS,01-01-2007,2007
15 - 19,4017,3878,7895,1119,1129,2248,5136,5007,10143,LATINA / TODOS,01-01-2007,2007
20 - 24,5244,4881,10125,2337,2479,4816,7581,7360,14941,LATINA / TODOS,01-01-2007,2007
25 - 29,7119,6824,13943,4071,3694,7765,11190,10518,21708,LATINA / TODOS,01-01-2007,2007
30 - 34,8626,8221,16847,3961,3502,7463,12587,11723,24310,LATINA / TODOS,01-01-2007,2007
35 - 39,8249,8001,16250,3289,2624,5913,11538,10625,22163,LATINA / TODOS,01-01-2007,2007
40 - 44,7436,7862,15298,2158,2005,4163,9594,9867,19461,LATINA / TODOS,01-01-2007,2007
45 - 49,6682,7264,13946,1417,1451,2868,8099,8715,16814,LATINA / TODOS,01-01-2007,2007
50 - 54,5580,6296,11876,860,924,1784,6440,7220,13660,LATINA / TODOS,01-01-2007,2007
55 - 59,5308,7052,12360,403,549,952,5711,7601,13312,LATINA / TODOS,01-01-2007,2007
60 - 64,6572,9156,15728,174,263,437,6746,9419,16165,LATINA / TODOS,01-01-2007,2007
65 - 69,6715,7895,14610,85,172,257,6800,8067,14867,LATINA / TODOS,01-01-2007,2007
70 - 74,6478,7939,14417,52,100,152,6530,8039,14569,LATINA / TODOS,01-01-2007,2007
75 - 79,4984,6756,11740,53,54,107,5037,6810,11847,LATINA / TODOS,01-01-2007,2007
80 - 84,3014,4948,7962,16,32,48,3030,4980,8010,LATINA / TODOS,01-01-2007,2007
85 - 89,1307,2772,4079,4,19,23,1311,2791,4102,LATINA / TODOS,01-01-2007,2007
90 - 94,473,1279,1752,3,5,8,476,1284,1760,LATINA / TODOS,01-01-2007,2007
95 - 99,106,305,411,0,1,1,106,306,412,LATINA / TODOS,01-01-2007,2007
100 o más,16,61,77,0,0,0,16,61,77,LATINA / TODOS,01-01-2007,2007
No Consta,0,1,1,0,0,0,0,1,1,LATINA / TODOS,01-01-2007,2007
Total,90683,103672,194355,27974,25856,53830,118657,129528,248185,CARABANCHEL / TODOS,01-01-2007,2007
0 - 4,4509,4393,8902,1199,1128,2327,5708,5521,11229,CARABANCHEL / TODOS,01-01-2007,2007
5 - 9,3950,3725,7675,1101,1058,2159,5051,4783,9834,CARABANCHEL / TODOS,01-01-2007,2007
10 - 14,3511,3448,6959,1330,1296,2626,4841,4744,9585,CARABANCHEL / TODOS,01-01-2007,2007
15 - 19,3864,3631,7495,1421,1403,2824,5285,5034,10319,CARABANCHEL / TODOS,01-01-2007,2007
20 - 24,4521,4424,8945,2810,2837,5647,7331,7261,14592,CARABANCHEL / TODOS,01-01-2007,2007
25 - 29,6258,6268,12526,4937,4496,9433,11195,10764,21959,CARABANCHEL / TODOS,01-01-2007,2007
30 - 34,8364,8267,16631,4902,4015,8917,13266,12282,25548,CARABANCHEL / TODOS,01-01-2007,2007
35 - 39,7949,7928,15877,3951,3279,7230,11900,11207,23107,CARABANCHEL / TODOS,01-01-2007,2007
40 - 44,7286,7497,14783,2717,2321,5038,10003,9818,19821,CARABANCHEL / TODOS,01-01-2007,2007
45 - 49,6295,6720,13015,1747,1676,3423,8042,8396,16438,CARABANCHEL / TODOS,01-01-2007,2007
50 - 54,5142,5899,11041,972,1032,2004,6114,6931,13045,CARABANCHEL / TODOS,01-01-2007,2007
55 - 59,4859,6063,10922,462,535,997,5321,6598,11919,CARABANCHEL / TODOS,01-01-2007,2007
60 - 64,5148,6542,11690,184,326,510,5332,6868,12200,CARABANCHEL / TODOS,01-01-2007,2007
65 - 69,4646,6003,10649,98,169,267,4744,6172,10916,CARABANCHEL / TODOS,01-01-2007,2007
70 - 74,5367,7135,12502,76,144,220,5443,7279,12722,CARABANCHEL / TODOS,01-01-2007,2007
75 - 79,4442,6637,11079,38,76,114,4480,6713,11193,CARABANCHEL / TODOS,01-01-2007,2007
80 - 84,2792,4828,7620,22,38,60,2814,4866,7680,CARABANCHEL / TODOS,01-01-2007,2007
85 - 89,1263,2753,4016,6,15,21,1269,2768,4037,CARABANCHEL / TODOS,01-01-2007,2007
90 - 94,413,1170,1583,0,7,7,413,1177,1590,CARABANCHEL / TODOS,01-01-2007,2007
95 - 99,91,278,369,0,3,3,91,281,372,CARABANCHEL / TODOS,01-01-2007,2007
100 o más,10,63,73,1,2,3,11,65,76,CARABANCHEL / TODOS,01-01-2007,2007
No Consta,3,0,3,0,0,0,3,0,3,CARABANCHEL / TODOS,01-01-2007,2007
Total,50266,56385,106651,15192,14451,29643,65458,70836,136294,USERA / TODOS,01-01-2007,2007
0 - 4,2868,2713,5581,724,681,1405,3592,3394,6986,USERA / TODOS,01-01-2007,2007
5 - 9,2527,2332,4859,617,582,1199,3144,2914,6058,USERA / TODOS,01-01-2007,2007
10 - 14,2095,2023,4118,721,678,1399,2816,2701,5517,USERA / TODOS,01-01-2007,2007
15 - 19,2274,2227,4501,792,806,1598,3066,3033,6099,USERA / TODOS,01-01-2007,2007
20 - 24,2672,2579,5251,1569,1577,3146,4241,4156,8397,USERA / TODOS,01-01-2007,2007
25 - 29,3274,3297,6571,2603,2597,5200,5877,5894,11771,USERA / TODOS,01-01-2007,2007
30 - 34,4513,4533,9046,2575,2262,4837,7088,6795,13883,USERA / TODOS,01-01-2007,2007
35 - 39,4427,4362,8789,2200,1845,4045,6627,6207,12834,USERA / TODOS,01-01-2007,2007
40 - 44,4182,4198,8380,1514,1334,2848,5696,5532,11228,USERA / TODOS,01-01-2007,2007
45 - 49,3656,3821,7477,928,838,1766,4584,4659,9243,USERA / TODOS,01-01-2007,2007
50 - 54,2946,3108,6054,522,541,1063,3468,3649,7117,USERA / TODOS,01-01-2007,2007
55 - 59,2530,2910,5440,200,285,485,2730,3195,5925,USERA / TODOS,01-01-2007,2007
60 - 64,2384,2920,5304,95,184,279,2479,3104,5583,USERA / TODOS,01-01-2007,2007
65 - 69,2090,2783,4873,60,98,158,2150,2881,5031,USERA / TODOS,01-01-2007,2007
70 - 74,2729,3971,6700,36,70,106,2765,4041,6806,USERA / TODOS,01-01-2007,2007
75 - 79,2598,3769,6367,20,38,58,2618,3807,6425,USERA / TODOS,01-01-2007,2007
80 - 84,1586,2659,4245,11,21,32,1597,2680,4277,USERA / TODOS,01-01-2007,2007
85 - 89,676,1478,2154,3,9,12,679,1487,2166,USERA / TODOS,01-01-2007,2007
90 - 94,192,535,727,1,4,5,193,539,732,USERA / TODOS,01-01-2007,2007
95 - 99,43,149,192,0,0,0,43,149,192,USERA / TODOS,01-01-2007,2007
100 o más,4,18,22,1,1,2,5,19,24,USERA / TODOS,01-01-2007,2007
Total,94835,104244,199079,22193,20556,42749,117028,124800,241828,PUENTE DE VALLECAS / TODOS,01-01-2007,2007
0 - 4,4664,4280,8944,1036,983,2019,5700,5263,10963,PUENTE DE VALLECAS / TODOS,01-01-2007,2007
5 - 9,4647,4432,9079,953,843,1796,5600,5275,10875,PUENTE DE VALLECAS / TODOS,01-01-2007,2007
10 - 14,4546,4297,8843,1123,1071,2194,5669,5368,11037,PUENTE DE VALLECAS / TODOS,01-01-2007,2007
15 - 19,5243,4650,9893,1083,1103,2186,6326,5753,12079,PUENTE DE VALLECAS / TODOS,01-01-2007,2007
20 - 24,5727,5465,11192,2111,2230,4341,7838,7695,15533,PUENTE DE VALLECAS / TODOS,01-01-2007,2007
25 - 29,6525,6285,12810,3862,3543,7405,10387,9828,20215,PUENTE DE VALLECAS / TODOS,01-01-2007,2007
30 - 34,7392,6979,14371,3988,3326,7314,11380,10305,21685,PUENTE DE VALLECAS / TODOS,01-01-2007,2007
35 - 39,7418,7594,15012,3189,2570,5759,10607,10164,20771,PUENTE DE VALLECAS / TODOS,01-01-2007,2007
40 - 44,8404,8859,17263,2136,1892,4028,10540,10751,21291,PUENTE DE VALLECAS / TODOS,01-01-2007,2007
45 - 49,7759,8167,15926,1340,1186,2526,9099,9353,18452,PUENTE DE VALLECAS / TODOS,01-01-2007,2007
50 - 54,5865,6047,11912,689,783,1472,6554,6830,13384,PUENTE DE VALLECAS / TODOS,01-01-2007,2007
55 - 59,4905,5374,10279,335,433,768,5240,5807,11047,PUENTE DE VALLECAS / TODOS,01-01-2007,2007
60 - 64,4411,5260,9671,151,260,411,4562,5520,10082,PUENTE DE VALLECAS / TODOS,01-01-2007,2007
65 - 69,3867,5140,9007,93,136,229,3960,5276,9236,PUENTE DE VALLECAS / TODOS,01-01-2007,2007
70 - 74,4974,6820,11794,53,84,137,5027,6904,11931,PUENTE DE VALLECAS / TODOS,01-01-2007,2007
75 - 79,4391,6476,10867,32,71,103,4423,6547,10970,PUENTE DE VALLECAS / TODOS,01-01-2007,2007
80 - 84,2621,4608,7229,12,24,36,2633,4632,7265,PUENTE DE VALLECAS / TODOS,01-01-2007,2007
85 - 89,1111,2407,3518,6,11,17,1117,2418,3535,PUENTE DE VALLECAS / TODOS,01-01-2007,2007
90 - 94,293,858,1151,0,6,6,293,864,1157,PUENTE DE VALLECAS / TODOS,01-01-2007,2007
95 - 99,63,218,281,1,1,2,64,219,283,PUENTE DE VALLECAS / TODOS,01-01-2007,2007
100 o más,8,28,36,0,0,0,8,28,36,PUENTE DE VALLECAS / TODOS,01-01-2007,2007
No Consta,1,0,1,0,0,0,1,0,1,PUENTE DE VALLECAS / TODOS,01-01-2007,2007
Total,44262,50174,94436,5122,5252,10374,49384,55426,104810,MORATALAZ / TODOS,01-01-2007,2007
0 - 4,1913,1938,3851,183,188,371,2096,2126,4222,MORATALAZ / TODOS,01-01-2007,2007
5 - 9,2109,2044,4153,202,181,383,2311,2225,4536,MORATALAZ / TODOS,01-01-2007,2007
10 - 14,2175,2063,4238,240,242,482,2415,2305,4720,MORATALAZ / TODOS,01-01-2007,2007
15 - 19,2136,2001,4137,276,247,523,2412,2248,4660,MORATALAZ / TODOS,01-01-2007,2007
20 - 24,2341,2216,4557,620,582,1202,2961,2798,5759,MORATALAZ / TODOS,01-01-2007,2007
25 - 29,2885,2727,5612,849,890,1739,3734,3617,7351,MORATALAZ / TODOS,01-01-2007,2007
30 - 34,3357,3275,6632,892,871,1763,4249,4146,8395,MORATALAZ / TODOS,01-01-2007,2007
35 - 39,3635,3881,7516,725,644,1369,4360,4525,8885,MORATALAZ / TODOS,01-01-2007,2007
40 - 44,3797,4100,7897,448,491,939,4245,4591,8836,MORATALAZ / TODOS,01-01-2007,2007
45 - 49,3391,3529,6920,274,329,603,3665,3858,7523,MORATALAZ / TODOS,01-01-2007,2007
50 - 54,2466,2926,5392,176,223,399,2642,3149,5791,MORATALAZ / TODOS,01-01-2007,2007
55 - 59,2307,2874,5181,75,129,204,2382,3003,5385,MORATALAZ / TODOS,01-01-2007,2007
60 - 64,2483,3317,5800,50,81,131,2533,3398,5931,MORATALAZ / TODOS,01-01-2007,2007
65 - 69,2439,3267,5706,46,63,109,2485,3330,5815,MORATALAZ / TODOS,01-01-2007,2007
70 - 74,2918,3728,6646,31,42,73,2949,3770,6719,MORATALAZ / TODOS,01-01-2007,2007
75 - 79,2165,2912,5077,17,25,42,2182,2937,5119,MORATALAZ / TODOS,01-01-2007,2007
80 - 84,1117,1809,2926,9,13,22,1126,1822,2948,MORATALAZ / TODOS,01-01-2007,2007
85 - 89,425,946,1371,9,7,16,434,953,1387,MORATALAZ / TODOS,01-01-2007,2007
90 - 94,160,481,641,0,3,3,160,484,644,MORATALAZ / TODOS,01-01-2007,2007
95 - 99,40,124,164,0,1,1,40,125,165,MORATALAZ / TODOS,01-01-2007,2007
100 o más,3,15,18,0,0,0,3,15,18,MORATALAZ / TODOS,01-01-2007,2007
No Consta,0,1,1,0,0,0,0,1,1,MORATALAZ / TODOS,01-01-2007,2007
Total,86553,102259,188812,18135,19724,37859,104688,121983,226671,CIUDAD LINEAL / TODOS,01-01-2007,2007
0 - 4,3984,3755,7739,754,746,1500,4738,4501,9239,CIUDAD LINEAL / TODOS,01-01-2007,2007
5 - 9,4114,3798,7912,737,751,1488,4851,4549,9400,CIUDAD LINEAL / TODOS,01-01-2007,2007
10 - 14,3706,3495,7201,964,880,1844,4670,4375,9045,CIUDAD LINEAL / TODOS,01-01-2007,2007
15 - 19,4017,3871,7888,987,985,1972,5004,4856,9860,CIUDAD LINEAL / TODOS,01-01-2007,2007
20 - 24,4456,4481,8937,1611,1830,3441,6067,6311,12378,CIUDAD LINEAL / TODOS,01-01-2007,2007
25 - 29,5651,5307,10958,2880,3320,6200,8531,8627,17158,CIUDAD LINEAL / TODOS,01-01-2007,2007
30 - 34,6802,6630,13432,3070,3224,6294,9872,9854,19726,CIUDAD LINEAL / TODOS,01-01-2007,2007
35 - 39,6639,7293,13932,2542,2460,5002,9181,9753,18934,CIUDAD LINEAL / TODOS,01-01-2007,2007
40 - 44,6942,7906,14848,1841,1904,3745,8783,9810,18593,CIUDAD LINEAL / TODOS,01-01-2007,2007
45 - 49,6455,7489,13944,1190,1366,2556,7645,8855,16500,CIUDAD LINEAL / TODOS,01-01-2007,2007
50 - 54,5389,6473,11862,702,918,1620,6091,7391,13482,CIUDAD LINEAL / TODOS,01-01-2007,2007
55 - 59,4974,6262,11236,384,545,929,5358,6807,12165,CIUDAD LINEAL / TODOS,01-01-2007,2007
60 - 64,4987,6591,11578,187,288,475,5174,6879,12053,CIUDAD LINEAL / TODOS,01-01-2007,2007
65 - 69,4272,6008,10280,109,197,306,4381,6205,10586,CIUDAD LINEAL / TODOS,01-01-2007,2007
70 - 74,5129,7245,12374,79,131,210,5208,7376,12584,CIUDAD LINEAL / TODOS,01-01-2007,2007
75 - 79,4552,6751,11303,53,80,133,4605,6831,11436,CIUDAD LINEAL / TODOS,01-01-2007,2007
80 - 84,2801,4709,7510,34,48,82,2835,4757,7592,CIUDAD LINEAL / TODOS,01-01-2007,2007
85 - 89,1175,2693,3868,7,35,42,1182,2728,3910,CIUDAD LINEAL / TODOS,01-01-2007,2007
90 - 94,419,1170,1589,2,11,13,421,1181,1602,CIUDAD LINEAL / TODOS,01-01-2007,2007
95 - 99,81,281,362,2,4,6,83,285,368,CIUDAD LINEAL / TODOS,01-01-2007,2007
100 o más,6,49,55,0,1,1,6,50,56,CIUDAD LINEAL / TODOS,01-01-2007,2007
No Consta,2,2,4,0,0,0,2,2,4,CIUDAD LINEAL / TODOS,01-01-2007,2007
Total,68905,74802,143707,8317,9522,17839,77222,84324,161546,HORTALEZA / TODOS,01-01-2007,2007
0 - 4,3528,3449,6977,313,317,630,3841,3766,7607,HORTALEZA / TODOS,01-01-2007,2007
5 - 9,3682,3416,7098,462,448,910,4144,3864,8008,HORTALEZA / TODOS,01-01-2007,2007
10 - 14,3398,3270,6668,524,499,1023,3922,3769,7691,HORTALEZA / TODOS,01-01-2007,2007
15 - 19,3560,3370,6930,485,462,947,4045,3832,7877,HORTALEZA / TODOS,01-01-2007,2007
20 - 24,3877,3639,7516,640,833,1473,4517,4472,8989,HORTALEZA / TODOS,01-01-2007,2007
25 - 29,4915,4875,9790,1100,1320,2420,6015,6195,12210,HORTALEZA / TODOS,01-01-2007,2007
30 - 34,6108,5973,12081,1181,1465,2646,7289,7438,14727,HORTALEZA / TODOS,01-01-2007,2007
35 - 39,5669,5875,11544,1169,1254,2423,6838,7129,13967,HORTALEZA / TODOS,01-01-2007,2007
40 - 44,5594,6160,11754,848,977,1825,6442,7137,13579,HORTALEZA / TODOS,01-01-2007,2007
45 - 49,5265,5600,10865,617,678,1295,5882,6278,12160,HORTALEZA / TODOS,01-01-2007,2007
50 - 54,4252,4778,9030,396,486,882,4648,5264,9912,HORTALEZA / TODOS,01-01-2007,2007
55 - 59,4152,4959,9111,237,301,538,4389,5260,9649,HORTALEZA / TODOS,01-01-2007,2007
60 - 64,4295,5036,9331,133,188,321,4428,5224,9652,HORTALEZA / TODOS,01-01-2007,2007
65 - 69,3324,3620,6944,99,124,223,3423,3744,7167,HORTALEZA / TODOS,01-01-2007,2007
70 - 74,3081,3763,6844,51,76,127,3132,3839,6971,HORTALEZA / TODOS,01-01-2007,2007
75 - 79,2267,3023,5290,34,48,82,2301,3071,5372,HORTALEZA / TODOS,01-01-2007,2007
80 - 84,1226,2088,3314,19,26,45,1245,2114,3359,HORTALEZA / TODOS,01-01-2007,2007
85 - 89,503,1177,1680,7,12,19,510,1189,1699,HORTALEZA / TODOS,01-01-2007,2007
90 - 94,164,556,720,1,3,4,165,559,724,HORTALEZA / TODOS,01-01-2007,2007
95 - 99,42,152,194,0,4,4,42,156,198,HORTALEZA / TODOS,01-01-2007,2007
100 o más,2,22,24,1,1,2,3,23,26,HORTALEZA / TODOS,01-01-2007,2007
No Consta,1,1,2,0,0,0,1,1,2,HORTALEZA / TODOS,01-01-2007,2007
Total,55407,59537,114944,16464,14648,31112,71871,74185,146056,VILLAVERDE / TODOS,01-01-2007,2007
0 - 4,3248,2964,6212,802,759,1561,4050,3723,7773,VILLAVERDE / TODOS,01-01-2007,2007
5 - 9,2676,2728,5404,709,692,1401,3385,3420,6805,VILLAVERDE / TODOS,01-01-2007,2007
10 - 14,2446,2307,4753,855,864,1719,3301,3171,6472,VILLAVERDE / TODOS,01-01-2007,2007
15 - 19,2560,2533,5093,857,900,1757,3417,3433,6850,VILLAVERDE / TODOS,01-01-2007,2007
20 - 24,3018,2831,5849,1520,1614,3134,4538,4445,8983,VILLAVERDE / TODOS,01-01-2007,2007
25 - 29,3769,3646,7415,2706,2447,5153,6475,6093,12568,VILLAVERDE / TODOS,01-01-2007,2007
30 - 34,5069,5057,10126,2941,2263,5204,8010,7320,15330,VILLAVERDE / TODOS,01-01-2007,2007
35 - 39,4876,4845,9721,2322,1798,4120,7198,6643,13841,VILLAVERDE / TODOS,01-01-2007,2007
40 - 44,4971,4821,9792,1611,1231,2842,6582,6052,12634,VILLAVERDE / TODOS,01-01-2007,2007
45 - 49,4041,4043,8084,1059,813,1872,5100,4856,9956,VILLAVERDE / TODOS,01-01-2007,2007
50 - 54,2865,3006,5871,572,531,1103,3437,3537,6974,VILLAVERDE / TODOS,01-01-2007,2007
55 - 59,2594,3014,5608,259,315,574,2853,3329,6182,VILLAVERDE / TODOS,01-01-2007,2007
60 - 64,2883,3489,6372,98,163,261,2981,3652,6633,VILLAVERDE / TODOS,01-01-2007,2007
65 - 69,2626,3265,5891,57,118,175,2683,3383,6066,VILLAVERDE / TODOS,01-01-2007,2007
70 - 74,3230,4134,7364,50,80,130,3280,4214,7494,VILLAVERDE / TODOS,01-01-2007,2007
75 - 79,2543,3283,5826,29,39,68,2572,3322,5894,VILLAVERDE / TODOS,01-01-2007,2007
80 - 84,1331,2096,3427,10,16,26,1341,2112,3453,VILLAVERDE / TODOS,01-01-2007,2007
85 - 89,463,959,1422,5,1,6,468,960,1428,VILLAVERDE / TODOS,01-01-2007,2007
90 - 94,164,387,551,1,4,5,165,391,556,VILLAVERDE / TODOS,01-01-2007,2007
95 - 99,30,111,141,1,0,1,31,111,142,VILLAVERDE / TODOS,01-01-2007,2007
100 o más,4,18,22,0,0,0,4,18,22,VILLAVERDE / TODOS,01-01-2007,2007
Total,27665,29358,57023,5235,4841,10076,32900,34199,67099,VILLA DE VALLECAS / TODOS,01-01-2007,2007
0 - 4,1435,1315,2750,282,289,571,1717,1604,3321,VILLA DE VALLECAS / TODOS,01-01-2007,2007
5 - 9,1479,1375,2854,270,264,534,1749,1639,3388,VILLA DE VALLECAS / TODOS,01-01-2007,2007
10 - 14,1463,1287,2750,241,260,501,1704,1547,3251,VILLA DE VALLECAS / TODOS,01-01-2007,2007
15 - 19,1688,1583,3271,301,248,549,1989,1831,3820,VILLA DE VALLECAS / TODOS,01-01-2007,2007
20 - 24,1762,1728,3490,546,538,1084,2308,2266,4574,VILLA DE VALLECAS / TODOS,01-01-2007,2007
25 - 29,2166,2179,4345,894,865,1759,3060,3044,6104,VILLA DE VALLECAS / TODOS,01-01-2007,2007
30 - 34,2449,2427,4876,883,711,1594,3332,3138,6470,VILLA DE VALLECAS / TODOS,01-01-2007,2007
35 - 39,2143,2232,4375,693,563,1256,2836,2795,5631,VILLA DE VALLECAS / TODOS,01-01-2007,2007
40 - 44,2243,2398,4641,441,397,838,2684,2795,5479,VILLA DE VALLECAS / TODOS,01-01-2007,2007
45 - 49,2309,2354,4663,321,270,591,2630,2624,5254,VILLA DE VALLECAS / TODOS,01-01-2007,2007
50 - 54,1730,1995,3725,187,199,386,1917,2194,4111,VILLA DE VALLECAS / TODOS,01-01-2007,2007
55 - 59,1757,1881,3638,83,96,179,1840,1977,3817,VILLA DE VALLECAS / TODOS,01-01-2007,2007
60 - 64,1448,1525,2973,36,51,87,1484,1576,3060,VILLA DE VALLECAS / TODOS,01-01-2007,2007
65 - 69,1052,1218,2270,22,33,55,1074,1251,2325,VILLA DE VALLECAS / TODOS,01-01-2007,2007
70 - 74,1103,1383,2486,13,28,41,1116,1411,2527,VILLA DE VALLECAS / TODOS,01-01-2007,2007
75 - 79,756,1106,1862,11,15,26,767,1121,1888,VILLA DE VALLECAS / TODOS,01-01-2007,2007
80 - 84,423,754,1177,6,9,15,429,763,1192,VILLA DE VALLECAS / TODOS,01-01-2007,2007
85 - 89,191,397,588,5,2,7,196,399,595,VILLA DE VALLECAS / TODOS,01-01-2007,2007
90 - 94,59,177,236,0,1,1,59,178,237,VILLA DE VALLECAS / TODOS,01-01-2007,2007
95 - 99,7,39,46,0,2,2,7,41,48,VILLA DE VALLECAS / TODOS,01-01-2007,2007
100 o más,2,5,7,0,0,0,2,5,7,VILLA DE VALLECAS / TODOS,01-01-2007,2007
Total,27979,28709,56688,4842,4712,9554,32821,33421,66242,VICALVARO / TODOS,01-01-2007,2007
0 - 4,1943,1952,3895,218,209,427,2161,2161,4322,VICALVARO / TODOS,01-01-2007,2007
5 - 9,1748,1622,3370,225,206,431,1973,1828,3801,VICALVARO / TODOS,01-01-2007,2007
10 - 14,1437,1371,2808,209,217,426,1646,1588,3234,VICALVARO / TODOS,01-01-2007,2007
15 - 19,1282,1184,2466,260,244,504,1542,1428,2970,VICALVARO / TODOS,01-01-2007,2007
20 - 24,1287,1190,2477,450,518,968,1737,1708,3445,VICALVARO / TODOS,01-01-2007,2007
25 - 29,1676,1703,3379,861,833,1694,2537,2536,5073,VICALVARO / TODOS,01-01-2007,2007
30 - 34,3031,3160,6191,830,758,1588,3861,3918,7779,VICALVARO / TODOS,01-01-2007,2007
35 - 39,3315,3154,6469,670,580,1250,3985,3734,7719,VICALVARO / TODOS,01-01-2007,2007
40 - 44,2887,2734,5621,465,385,850,3352,3119,6471,VICALVARO / TODOS,01-01-2007,2007
45 - 49,2099,2037,4136,306,299,605,2405,2336,4741,VICALVARO / TODOS,01-01-2007,2007
50 - 54,1296,1352,2648,184,184,368,1480,1536,3016,VICALVARO / TODOS,01-01-2007,2007
55 - 59,1080,1222,2302,76,110,186,1156,1332,2488,VICALVARO / TODOS,01-01-2007,2007
60 - 64,1133,1464,2597,42,59,101,1175,1523,2698,VICALVARO / TODOS,01-01-2007,2007
65 - 69,1296,1333,2629,9,44,53,1305,1377,2682,VICALVARO / TODOS,01-01-2007,2007
70 - 74,1151,1281,2432,16,40,56,1167,1321,2488,VICALVARO / TODOS,01-01-2007,2007
75 - 79,735,882,1617,15,15,30,750,897,1647,VICALVARO / TODOS,01-01-2007,2007
80 - 84,374,611,985,2,5,7,376,616,992,VICALVARO / TODOS,01-01-2007,2007
85 - 89,156,287,443,3,4,7,159,291,450,VICALVARO / TODOS,01-01-2007,2007
90 - 94,40,135,175,1,2,3,41,137,178,VICALVARO / TODOS,01-01-2007,2007
95 - 99,12,32,44,0,0,0,12,32,44,VICALVARO / TODOS,01-01-2007,2007
100 o más,0,3,3,0,0,0,0,3,3,VICALVARO / TODOS,01-01-2007,2007
No Consta,1,0,1,0,0,0,1,0,1,VICALVARO / TODOS,01-01-2007,2007
Total,63534,69284,132818,10664,9546,20210,74198,78830,153028,SAN BLAS-CANILLEJAS / TODOS,01-01-2007,2007
0 - 4,3926,3688,7614,393,374,767,4319,4062,8381,SAN BLAS-CANILLEJAS / TODOS,01-01-2007,2007
5 - 9,3607,3412,7019,430,403,833,4037,3815,7852,SAN BLAS-CANILLEJAS / TODOS,01-01-2007,2007
10 - 14,2890,2783,5673,515,483,998,3405,3266,6671,SAN BLAS-CANILLEJAS / TODOS,01-01-2007,2007
15 - 19,2946,2810,5756,506,517,1023,3452,3327,6779,SAN BLAS-CANILLEJAS / TODOS,01-01-2007,2007
20 - 24,3171,2987,6158,989,943,1932,4160,3930,8090,SAN BLAS-CANILLEJAS / TODOS,01-01-2007,2007
25 - 29,3793,3603,7396,1889,1617,3506,5682,5220,10902,SAN BLAS-CANILLEJAS / TODOS,01-01-2007,2007
30 - 34,4992,5067,10059,1829,1538,3367,6821,6605,13426,SAN BLAS-CANILLEJAS / TODOS,01-01-2007,2007
35 - 39,6442,6420,12862,1560,1224,2784,8002,7644,15646,SAN BLAS-CANILLEJAS / TODOS,01-01-2007,2007
40 - 44,6223,6377,12600,1041,880,1921,7264,7257,14521,SAN BLAS-CANILLEJAS / TODOS,01-01-2007,2007
45 - 49,5290,5350,10640,663,611,1274,5953,5961,11914,SAN BLAS-CANILLEJAS / TODOS,01-01-2007,2007
50 - 54,3757,3843,7600,397,397,794,4154,4240,8394,SAN BLAS-CANILLEJAS / TODOS,01-01-2007,2007
55 - 59,3077,3367,6444,245,265,510,3322,3632,6954,SAN BLAS-CANILLEJAS / TODOS,01-01-2007,2007
60 - 64,2724,3155,5879,98,129,227,2822,3284,6106,SAN BLAS-CANILLEJAS / TODOS,01-01-2007,2007
65 - 69,2278,3024,5302,44,73,117,2322,3097,5419,SAN BLAS-CANILLEJAS / TODOS,01-01-2007,2007
70 - 74,3088,4406,7494,35,43,78,3123,4449,7572,SAN BLAS-CANILLEJAS / TODOS,01-01-2007,2007
75 - 79,2882,4128,7010,18,33,51,2900,4161,7061,SAN BLAS-CANILLEJAS / TODOS,01-01-2007,2007
80 - 84,1629,2887,4516,5,8,13,1634,2895,4529,SAN BLAS-CANILLEJAS / TODOS,01-01-2007,2007
85 - 89,612,1330,1942,4,4,8,616,1334,1950,SAN BLAS-CANILLEJAS / TODOS,01-01-2007,2007
90 - 94,167,486,653,1,3,4,168,489,657,SAN BLAS-CANILLEJAS / TODOS,01-01-2007,2007
95 - 99,35,136,171,1,1,2,36,137,173,SAN BLAS-CANILLEJAS / TODOS,01-01-2007,2007
100 o más,5,24,29,1,0,1,6,24,30,SAN BLAS-CANILLEJAS / TODOS,01-01-2007,2007
No Consta,0,1,1,0,0,0,0,1,1,SAN BLAS-CANILLEJAS / TODOS,01-01-2007,2007
Total,19136,19549,38685,2388,2590,4978,21524,22139,43663,BARAJAS / TODOS,01-01-2007,2007
0 - 4,1286,1160,2446,92,109,201,1378,1269,2647,BARAJAS / TODOS,01-01-2007,2007
5 - 9,1035,996,2031,124,94,218,1159,1090,2249,BARAJAS / TODOS,01-01-2007,2007
10 - 14,894,769,1663,110,107,217,1004,876,1880,BARAJAS / TODOS,01-01-2007,2007
15 - 19,865,859,1724,108,128,236,973,987,1960,BARAJAS / TODOS,01-01-2007,2007
20 - 24,1083,992,2075,183,242,425,1266,1234,2500,BARAJAS / TODOS,01-01-2007,2007
25 - 29,1501,1337,2838,349,419,768,1850,1756,3606,BARAJAS / TODOS,01-01-2007,2007
30 - 34,1865,1829,3694,378,414,792,2243,2243,4486,BARAJAS / TODOS,01-01-2007,2007
35 - 39,1806,1791,3597,346,346,692,2152,2137,4289,BARAJAS / TODOS,01-01-2007,2007
40 - 44,1577,1677,3254,266,244,510,1843,1921,3764,BARAJAS / TODOS,01-01-2007,2007
45 - 49,1369,1361,2730,168,185,353,1537,1546,3083,BARAJAS / TODOS,01-01-2007,2007
50 - 54,1135,1221,2356,101,128,229,1236,1349,2585,BARAJAS / TODOS,01-01-2007,2007
55 - 59,1227,1480,2707,71,66,137,1298,1546,2844,BARAJAS / TODOS,01-01-2007,2007
60 - 64,1196,1310,2506,45,44,89,1241,1354,2595,BARAJAS / TODOS,01-01-2007,2007
65 - 69,826,814,1640,20,28,48,846,842,1688,BARAJAS / TODOS,01-01-2007,2007
70 - 74,615,646,1261,15,13,28,630,659,1289,BARAJAS / TODOS,01-01-2007,2007
75 - 79,400,538,938,5,6,11,405,544,949,BARAJAS / TODOS,01-01-2007,2007
80 - 84,278,399,677,3,12,15,281,411,692,BARAJAS / TODOS,01-01-2007,2007
85 - 89,133,241,374,3,1,4,136,242,378,BARAJAS / TODOS,01-01-2007,2007
90 - 94,37,95,132,1,2,3,38,97,135,BARAJAS / TODOS,01-01-2007,2007
95 - 99,8,29,37,0,1,1,8,30,38,BARAJAS / TODOS,01-01-2007,2007
100 o más,0,5,5,0,1,1,0,6,6,BARAJAS / TODOS,01-01-2007,2007
Total,48922,55598,104520,21031,17161,38192,69953,72759,142712,CENTRO / TODOS,01-01-2008,2008
0 - 4,1795,1766,3561,691,685,1376,2486,2451,4937,CENTRO / TODOS,01-01-2008,2008
5 - 9,1528,1470,2998,494,484,978,2022,1954,3976,CENTRO / TODOS,01-01-2008,2008
10 - 14,1239,1224,2463,572,540,1112,1811,1764,3575,CENTRO / TODOS,01-01-2008,2008
15 - 19,1413,1369,2782,777,580,1357,2190,1949,4139,CENTRO / TODOS,01-01-2008,2008
20 - 24,1949,1875,3824,1859,1650,3509,3808,3525,7333,CENTRO / TODOS,01-01-2008,2008
25 - 29,3698,3710,7408,4019,3235,7254,7717,6945,14662,CENTRO / TODOS,01-01-2008,2008
30 - 34,5738,5414,11152,4224,3135,7359,9962,8549,18511,CENTRO / TODOS,01-01-2008,2008
35 - 39,5489,4785,10274,3226,2183,5409,8715,6968,15683,CENTRO / TODOS,01-01-2008,2008
40 - 44,4906,4395,9301,2217,1599,3816,7123,5994,13117,CENTRO / TODOS,01-01-2008,2008
45 - 49,4147,4170,8317,1274,1113,2387,5421,5283,10704,CENTRO / TODOS,01-01-2008,2008
50 - 54,3545,3727,7272,759,787,1546,4304,4514,8818,CENTRO / TODOS,01-01-2008,2008
55 - 59,2966,3336,6302,403,498,901,3369,3834,7203,CENTRO / TODOS,01-01-2008,2008
60 - 64,2624,2966,5590,236,269,505,2860,3235,6095,CENTRO / TODOS,01-01-2008,2008
65 - 69,1933,2597,4530,131,158,289,2064,2755,4819,CENTRO / TODOS,01-01-2008,2008
70 - 74,1869,2937,4806,67,106,173,1936,3043,4979,CENTRO / TODOS,01-01-2008,2008
75 - 79,1867,3453,5320,51,68,119,1918,3521,5439,CENTRO / TODOS,01-01-2008,2008
80 - 84,1282,2965,4247,23,38,61,1305,3003,4308,CENTRO / TODOS,01-01-2008,2008
85 - 89,640,2094,2734,5,16,21,645,2110,2755,CENTRO / TODOS,01-01-2008,2008
90 - 94,239,1031,1270,2,14,16,241,1045,1286,CENTRO / TODOS,01-01-2008,2008
95 - 99,46,273,319,1,3,4,47,276,323,CENTRO / TODOS,01-01-2008,2008
100 o más,9,40,49,0,0,0,9,40,49,CENTRO / TODOS,01-01-2008,2008
No Consta,0,1,1,0,0,0,0,1,1,CENTRO / TODOS,01-01-2008,2008
Total,59271,69398,128669,12150,12399,24549,71421,81797,153218,ARGANZUELA / TODOS,01-01-2008,2008
0 - 4,2911,2888,5799,482,473,955,3393,3361,6754,ARGANZUELA / TODOS,01-01-2008,2008
5 - 9,2816,2582,5398,372,364,736,3188,2946,6134,ARGANZUELA / TODOS,01-01-2008,2008
10 - 14,2430,2334,4764,501,459,960,2931,2793,5724,ARGANZUELA / TODOS,01-01-2008,2008
15 - 19,2419,2417,4836,544,567,1111,2963,2984,5947,ARGANZUELA / TODOS,01-01-2008,2008
20 - 24,3162,2986,6148,1205,1298,2503,4367,4284,8651,ARGANZUELA / TODOS,01-01-2008,2008
25 - 29,4442,4247,8689,2120,2305,4425,6562,6552,13114,ARGANZUELA / TODOS,01-01-2008,2008
30 - 34,5058,5297,10355,2250,2045,4295,7308,7342,14650,ARGANZUELA / TODOS,01-01-2008,2008
35 - 39,5172,5427,10599,1743,1496,3239,6915,6923,13838,ARGANZUELA / TODOS,01-01-2008,2008
40 - 44,5424,5796,11220,1214,1206,2420,6638,7002,13640,ARGANZUELA / TODOS,01-01-2008,2008
45 - 49,4940,5744,10684,763,837,1600,5703,6581,12284,ARGANZUELA / TODOS,01-01-2008,2008
50 - 54,4434,5333,9767,483,583,1066,4917,5916,10833,ARGANZUELA / TODOS,01-01-2008,2008
55 - 59,3895,4550,8445,208,330,538,4103,4880,8983,ARGANZUELA / TODOS,01-01-2008,2008
60 - 64,3006,3779,6785,123,187,310,3129,3966,7095,ARGANZUELA / TODOS,01-01-2008,2008
65 - 69,2199,3018,5217,55,96,151,2254,3114,5368,ARGANZUELA / TODOS,01-01-2008,2008
70 - 74,2315,3404,5719,44,72,116,2359,3476,5835,ARGANZUELA / TODOS,01-01-2008,2008
75 - 79,2143,3517,5660,16,36,52,2159,3553,5712,ARGANZUELA / TODOS,01-01-2008,2008
80 - 84,1428,2927,4355,21,27,48,1449,2954,4403,ARGANZUELA / TODOS,01-01-2008,2008
85 - 89,736,1998,2734,5,15,20,741,2013,2754,ARGANZUELA / TODOS,01-01-2008,2008
90 - 94,275,887,1162,0,3,3,275,890,1165,ARGANZUELA / TODOS,01-01-2008,2008
95 - 99,58,231,289,0,0,0,58,231,289,ARGANZUELA / TODOS,01-01-2008,2008
100 o más,6,34,40,1,0,1,7,34,41,ARGANZUELA / TODOS,01-01-2008,2008
No Consta,2,2,4,0,0,0,2,2,4,ARGANZUELA / TODOS,01-01-2008,2008
Total,51307,61327,112634,5402,6667,12069,56709,67994,124703,RETIRO / TODOS,01-01-2008,2008
0 - 4,2298,2186,4484,233,200,433,2531,2386,4917,RETIRO / TODOS,01-01-2008,2008
5 - 9,2230,2105,4335,176,155,331,2406,2260,4666,RETIRO / TODOS,01-01-2008,2008
10 - 14,2052,2035,4087,181,213,394,2233,2248,4481,RETIRO / TODOS,01-01-2008,2008
15 - 19,2297,2264,4561,235,228,463,2532,2492,5024,RETIRO / TODOS,01-01-2008,2008
20 - 24,2900,2873,5773,475,647,1122,3375,3520,6895,RETIRO / TODOS,01-01-2008,2008
25 - 29,3850,3704,7554,857,1131,1988,4707,4835,9542,RETIRO / TODOS,01-01-2008,2008
30 - 34,4200,4166,8366,965,1087,2052,5165,5253,10418,RETIRO / TODOS,01-01-2008,2008
35 - 39,3734,3948,7682,754,866,1620,4488,4814,9302,RETIRO / TODOS,01-01-2008,2008
40 - 44,3922,4189,8111,537,595,1132,4459,4784,9243,RETIRO / TODOS,01-01-2008,2008
45 - 49,3575,4286,7861,356,511,867,3931,4797,8728,RETIRO / TODOS,01-01-2008,2008
50 - 54,3569,4577,8146,228,405,633,3797,4982,8779,RETIRO / TODOS,01-01-2008,2008
55 - 59,3562,4533,8095,134,241,375,3696,4774,8470,RETIRO / TODOS,01-01-2008,2008
60 - 64,3353,4306,7659,99,138,237,3452,4444,7896,RETIRO / TODOS,01-01-2008,2008
65 - 69,2570,3395,5965,63,101,164,2633,3496,6129,RETIRO / TODOS,01-01-2008,2008
70 - 74,2437,3419,5856,51,59,110,2488,3478,5966,RETIRO / TODOS,01-01-2008,2008
75 - 79,2085,3497,5582,27,33,60,2112,3530,5642,RETIRO / TODOS,01-01-2008,2008
80 - 84,1530,2836,4366,20,21,41,1550,2857,4407,RETIRO / TODOS,01-01-2008,2008
85 - 89,778,1839,2617,4,19,23,782,1858,2640,RETIRO / TODOS,01-01-2008,2008
90 - 94,281,869,1150,3,10,13,284,879,1163,RETIRO / TODOS,01-01-2008,2008
95 - 99,72,269,341,3,6,9,75,275,350,RETIRO / TODOS,01-01-2008,2008
100 o más,11,31,42,1,0,1,12,31,43,RETIRO / TODOS,01-01-2008,2008
No Consta,1,0,1,0,1,1,1,1,2,RETIRO / TODOS,01-01-2008,2008
Total,56270,71740,128010,8587,11700,20287,64857,83440,148297,SALAMANCA / TODOS,01-01-2008,2008
0 - 4,2599,2458,5057,327,318,645,2926,2776,5702,SALAMANCA / TODOS,01-01-2008,2008
5 - 9,2403,2356,4759,231,267,498,2634,2623,5257,SALAMANCA / TODOS,01-01-2008,2008
10 - 14,2196,2115,4311,280,271,551,2476,2386,4862,SALAMANCA / TODOS,01-01-2008,2008
15 - 19,2412,2322,4734,404,352,756,2816,2674,5490,SALAMANCA / TODOS,01-01-2008,2008
20 - 24,2901,2931,5832,646,1035,1681,3547,3966,7513,SALAMANCA / TODOS,01-01-2008,2008
25 - 29,3940,4159,8099,1420,2002,3422,5360,6161,11521,SALAMANCA / TODOS,01-01-2008,2008
30 - 34,4816,5010,9826,1613,2051,3664,6429,7061,13490,SALAMANCA / TODOS,01-01-2008,2008
35 - 39,4444,4716,9160,1146,1524,2670,5590,6240,11830,SALAMANCA / TODOS,01-01-2008,2008
40 - 44,4377,5044,9421,853,1111,1964,5230,6155,11385,SALAMANCA / TODOS,01-01-2008,2008
45 - 49,4077,4903,8980,524,928,1452,4601,5831,10432,SALAMANCA / TODOS,01-01-2008,2008
50 - 54,3712,4815,8527,402,730,1132,4114,5545,9659,SALAMANCA / TODOS,01-01-2008,2008
55 - 59,3613,4834,8447,251,467,718,3864,5301,9165,SALAMANCA / TODOS,01-01-2008,2008
60 - 64,3386,4640,8026,198,260,458,3584,4900,8484,SALAMANCA / TODOS,01-01-2008,2008
65 - 69,2662,3993,6655,112,144,256,2774,4137,6911,SALAMANCA / TODOS,01-01-2008,2008
70 - 74,2653,4457,7110,76,80,156,2729,4537,7266,SALAMANCA / TODOS,01-01-2008,2008
75 - 79,2660,4546,7206,49,54,103,2709,4600,7309,SALAMANCA / TODOS,01-01-2008,2008
80 - 84,1878,3812,5690,32,38,70,1910,3850,5760,SALAMANCA / TODOS,01-01-2008,2008
85 - 89,1013,2721,3734,14,35,49,1027,2756,3783,SALAMANCA / TODOS,01-01-2008,2008
90 - 94,419,1388,1807,5,21,26,424,1409,1833,SALAMANCA / TODOS,01-01-2008,2008
95 - 99,96,428,524,1,8,9,97,436,533,SALAMANCA / TODOS,01-01-2008,2008
100 o más,12,89,101,3,3,6,15,92,107,SALAMANCA / TODOS,01-01-2008,2008
No Consta,1,3,4,0,1,1,1,4,5,SALAMANCA / TODOS,01-01-2008,2008
Total,58297,70044,128341,7050,10073,17123,65347,80117,145464,CHAMARTIN / TODOS,01-01-2008,2008
0 - 4,3000,2769,5769,305,319,624,3305,3088,6393,CHAMARTIN / TODOS,01-01-2008,2008
5 - 9,2829,2714,5543,213,247,460,3042,2961,6003,CHAMARTIN / TODOS,01-01-2008,2008
10 - 14,2745,2527,5272,260,249,509,3005,2776,5781,CHAMARTIN / TODOS,01-01-2008,2008
15 - 19,2822,2689,5511,348,319,667,3170,3008,6178,CHAMARTIN / TODOS,01-01-2008,2008
20 - 24,3146,3062,6208,571,940,1511,3717,4002,7719,CHAMARTIN / TODOS,01-01-2008,2008
25 - 29,3966,3927,7893,1058,1674,2732,5024,5601,10625,CHAMARTIN / TODOS,01-01-2008,2008
30 - 34,4766,4879,9645,1159,1574,2733,5925,6453,12378,CHAMARTIN / TODOS,01-01-2008,2008
35 - 39,4508,4872,9380,939,1284,2223,5447,6156,11603,CHAMARTIN / TODOS,01-01-2008,2008
40 - 44,4378,5036,9414,669,1020,1689,5047,6056,11103,CHAMARTIN / TODOS,01-01-2008,2008
45 - 49,4114,5021,9135,464,788,1252,4578,5809,10387,CHAMARTIN / TODOS,01-01-2008,2008
50 - 54,3847,4840,8687,360,559,919,4207,5399,9606,CHAMARTIN / TODOS,01-01-2008,2008
55 - 59,3661,4638,8299,220,394,614,3881,5032,8913,CHAMARTIN / TODOS,01-01-2008,2008
60 - 64,3544,4640,8184,142,236,378,3686,4876,8562,CHAMARTIN / TODOS,01-01-2008,2008
65 - 69,2695,3901,6596,128,161,289,2823,4062,6885,CHAMARTIN / TODOS,01-01-2008,2008
70 - 74,2686,4004,6690,84,96,180,2770,4100,6870,CHAMARTIN / TODOS,01-01-2008,2008
75 - 79,2421,3992,6413,62,76,138,2483,4068,6551,CHAMARTIN / TODOS,01-01-2008,2008
80 - 84,1833,3287,5120,29,68,97,1862,3355,5217,CHAMARTIN / TODOS,01-01-2008,2008
85 - 89,890,2007,2897,22,37,59,912,2044,2956,CHAMARTIN / TODOS,01-01-2008,2008
90 - 94,366,940,1306,9,20,29,375,960,1335,CHAMARTIN / TODOS,01-01-2008,2008
95 - 99,63,263,326,6,9,15,69,272,341,CHAMARTIN / TODOS,01-01-2008,2008
100 o más,15,36,51,2,2,4,17,38,55,CHAMARTIN / TODOS,01-01-2008,2008
No Consta,2,0,2,0,1,1,2,1,3,CHAMARTIN / TODOS,01-01-2008,2008
Total,54670,66984,121654,16032,17284,33316,70702,84268,154970,TETUAN / TODOS,01-01-2008,2008
0 - 4,2413,2403,4816,855,764,1619,3268,3167,6435,TETUAN / TODOS,01-01-2008,2008
5 - 9,2195,2044,4239,558,524,1082,2753,2568,5321,TETUAN / TODOS,01-01-2008,2008
10 - 14,1933,1833,3766,710,692,1402,2643,2525,5168,TETUAN / TODOS,01-01-2008,2008
15 - 19,2212,2159,4371,737,857,1594,2949,3016,5965,TETUAN / TODOS,01-01-2008,2008
20 - 24,2864,2870,5734,1480,1793,3273,4344,4663,9007,TETUAN / TODOS,01-01-2008,2008
25 - 29,4067,4171,8238,2799,3013,5812,6866,7184,14050,TETUAN / TODOS,01-01-2008,2008
30 - 34,5033,5256,10289,2768,2801,5569,7801,8057,15858,TETUAN / TODOS,01-01-2008,2008
35 - 39,4652,4657,9309,2234,2137,4371,6886,6794,13680,TETUAN / TODOS,01-01-2008,2008
40 - 44,4340,4923,9263,1544,1594,3138,5884,6517,12401,TETUAN / TODOS,01-01-2008,2008
45 - 49,4075,4780,8855,1003,1151,2154,5078,5931,11009,TETUAN / TODOS,01-01-2008,2008
50 - 54,3484,4505,7989,632,807,1439,4116,5312,9428,TETUAN / TODOS,01-01-2008,2008
55 - 59,3252,4198,7450,328,490,818,3580,4688,8268,TETUAN / TODOS,01-01-2008,2008
60 - 64,2921,4004,6925,142,285,427,3063,4289,7352,TETUAN / TODOS,01-01-2008,2008
65 - 69,2548,3397,5945,92,165,257,2640,3562,6202,TETUAN / TODOS,01-01-2008,2008
70 - 74,2734,4274,7008,66,91,157,2800,4365,7165,TETUAN / TODOS,01-01-2008,2008
75 - 79,2669,4474,7143,48,69,117,2717,4543,7260,TETUAN / TODOS,01-01-2008,2008
80 - 84,1909,3623,5532,23,32,55,1932,3655,5587,TETUAN / TODOS,01-01-2008,2008
85 - 89,956,2163,3119,9,13,22,965,2176,3141,TETUAN / TODOS,01-01-2008,2008
90 - 94,338,948,1286,3,3,6,341,951,1292,TETUAN / TODOS,01-01-2008,2008
95 - 99,66,267,333,1,1,2,67,268,335,TETUAN / TODOS,01-01-2008,2008
100 o más,9,33,42,0,2,2,9,35,44,TETUAN / TODOS,01-01-2008,2008
No Consta,0,2,2,0,0,0,0,2,2,TETUAN / TODOS,01-01-2008,2008
Total,54418,71203,125621,9059,11816,20875,63477,83019,146496,CHAMBERI / TODOS,01-01-2008,2008
0 - 4,2330,2190,4520,328,311,639,2658,2501,5159,CHAMBERI / TODOS,01-01-2008,2008
5 - 9,2128,2135,4263,270,261,531,2398,2396,4794,CHAMBERI / TODOS,01-01-2008,2008
10 - 14,2023,1943,3966,349,329,678,2372,2272,4644,CHAMBERI / TODOS,01-01-2008,2008
15 - 19,2273,2119,4392,394,431,825,2667,2550,5217,CHAMBERI / TODOS,01-01-2008,2008
20 - 24,2773,2958,5731,761,1123,1884,3534,4081,7615,CHAMBERI / TODOS,01-01-2008,2008
25 - 29,4181,4380,8561,1576,2170,3746,5757,6550,12307,CHAMBERI / TODOS,01-01-2008,2008
30 - 34,4817,5146,9963,1667,1951,3618,6484,7097,13581,CHAMBERI / TODOS,01-01-2008,2008
35 - 39,4177,4399,8576,1270,1432,2702,5447,5831,11278,CHAMBERI / TODOS,01-01-2008,2008
40 - 44,3994,4605,8599,848,1138,1986,4842,5743,10585,CHAMBERI / TODOS,01-01-2008,2008
45 - 49,3879,4736,8615,570,878,1448,4449,5614,10063,CHAMBERI / TODOS,01-01-2008,2008
50 - 54,3700,5022,8722,396,725,1121,4096,5747,9843,CHAMBERI / TODOS,01-01-2008,2008
55 - 59,3677,4833,8510,263,419,682,3940,5252,9192,CHAMBERI / TODOS,01-01-2008,2008
60 - 64,3406,4773,8179,137,245,382,3543,5018,8561,CHAMBERI / TODOS,01-01-2008,2008
65 - 69,2542,3877,6419,71,137,208,2613,4014,6627,CHAMBERI / TODOS,01-01-2008,2008
70 - 74,2559,4279,6838,63,89,152,2622,4368,6990,CHAMBERI / TODOS,01-01-2008,2008
75 - 79,2461,4605,7066,45,72,117,2506,4677,7183,CHAMBERI / TODOS,01-01-2008,2008
80 - 84,1873,4207,6080,22,51,73,1895,4258,6153,CHAMBERI / TODOS,01-01-2008,2008
85 - 89,1044,3001,4045,21,26,47,1065,3027,4092,CHAMBERI / TODOS,01-01-2008,2008
90 - 94,463,1483,1946,2,19,21,465,1502,1967,CHAMBERI / TODOS,01-01-2008,2008
95 - 99,105,446,551,4,7,11,109,453,562,CHAMBERI / TODOS,01-01-2008,2008
100 o más,12,65,77,2,2,4,14,67,81,CHAMBERI / TODOS,01-01-2008,2008
No Consta,1,1,2,0,0,0,1,1,2,CHAMBERI / TODOS,01-01-2008,2008
Total,93803,104200,198003,10316,12239,22555,104119,116439,220558,FUENCARRAL-EL PARDO / TODOS,01-01-2008,2008
0 - 4,5043,4804,9847,515,539,1054,5558,5343,10901,FUENCARRAL-EL PARDO / TODOS,01-01-2008,2008
5 - 9,4486,4337,8823,485,424,909,4971,4761,9732,FUENCARRAL-EL PARDO / TODOS,01-01-2008,2008
10 - 14,4176,3998,8174,539,488,1027,4715,4486,9201,FUENCARRAL-EL PARDO / TODOS,01-01-2008,2008
15 - 19,4485,4417,8902,593,600,1193,5078,5017,10095,FUENCARRAL-EL PARDO / TODOS,01-01-2008,2008
20 - 24,5577,5364,10941,910,1174,2084,6487,6538,13025,FUENCARRAL-EL PARDO / TODOS,01-01-2008,2008
25 - 29,7326,7077,14403,1596,2073,3669,8922,9150,18072,FUENCARRAL-EL PARDO / TODOS,01-01-2008,2008
30 - 34,8657,8422,17079,1646,1878,3524,10303,10300,20603,FUENCARRAL-EL PARDO / TODOS,01-01-2008,2008
35 - 39,7416,7536,14952,1352,1461,2813,8768,8997,17765,FUENCARRAL-EL PARDO / TODOS,01-01-2008,2008
40 - 44,6635,7186,13821,961,1133,2094,7596,8319,15915,FUENCARRAL-EL PARDO / TODOS,01-01-2008,2008
45 - 49,6203,7222,13425,709,899,1608,6912,8121,15033,FUENCARRAL-EL PARDO / TODOS,01-01-2008,2008
50 - 54,5869,7263,13132,402,616,1018,6271,7879,14150,FUENCARRAL-EL PARDO / TODOS,01-01-2008,2008
55 - 59,6192,7671,13863,236,373,609,6428,8044,14472,FUENCARRAL-EL PARDO / TODOS,01-01-2008,2008
60 - 64,6498,7455,13953,130,210,340,6628,7665,14293,FUENCARRAL-EL PARDO / TODOS,01-01-2008,2008
65 - 69,4693,5381,10074,111,137,248,4804,5518,10322,FUENCARRAL-EL PARDO / TODOS,01-01-2008,2008
70 - 74,4160,5195,9355,61,106,167,4221,5301,9522,FUENCARRAL-EL PARDO / TODOS,01-01-2008,2008
75 - 79,3185,4307,7492,40,59,99,3225,4366,7591,FUENCARRAL-EL PARDO / TODOS,01-01-2008,2008
80 - 84,1924,3312,5236,20,36,56,1944,3348,5292,FUENCARRAL-EL PARDO / TODOS,01-01-2008,2008
85 - 89,906,2009,2915,7,23,30,913,2032,2945,FUENCARRAL-EL PARDO / TODOS,01-01-2008,2008
90 - 94,284,939,1223,3,7,10,287,946,1233,FUENCARRAL-EL PARDO / TODOS,01-01-2008,2008
95 - 99,82,271,353,0,2,2,82,273,355,FUENCARRAL-EL PARDO / TODOS,01-01-2008,2008
100 o más,4,34,38,0,1,1,4,35,39,FUENCARRAL-EL PARDO / TODOS,01-01-2008,2008
No Consta,2,0,2,0,0,0,2,0,2,FUENCARRAL-EL PARDO / TODOS,01-01-2008,2008
Total,47808,55684,103492,6209,8744,14953,54017,64428,118445,MONCLOA-ARAVACA / TODOS,01-01-2008,2008
0 - 4,2678,2514,5192,248,241,489,2926,2755,5681,MONCLOA-ARAVACA / TODOS,01-01-2008,2008
5 - 9,2671,2568,5239,227,255,482,2898,2823,5721,MONCLOA-ARAVACA / TODOS,01-01-2008,2008
10 - 14,2275,2387,4662,248,269,517,2523,2656,5179,MONCLOA-ARAVACA / TODOS,01-01-2008,2008
15 - 19,2209,2176,4385,271,349,620,2480,2525,5005,MONCLOA-ARAVACA / TODOS,01-01-2008,2008
20 - 24,2582,2654,5236,531,864,1395,3113,3518,6631,MONCLOA-ARAVACA / TODOS,01-01-2008,2008
25 - 29,3182,3173,6355,1029,1527,2556,4211,4700,8911,MONCLOA-ARAVACA / TODOS,01-01-2008,2008
30 - 34,3528,3489,7017,1052,1398,2450,4580,4887,9467,MONCLOA-ARAVACA / TODOS,01-01-2008,2008
35 - 39,3648,3946,7594,795,1090,1885,4443,5036,9479,MONCLOA-ARAVACA / TODOS,01-01-2008,2008
40 - 44,3948,4249,8197,677,866,1543,4625,5115,9740,MONCLOA-ARAVACA / TODOS,01-01-2008,2008
45 - 49,3673,4036,7709,456,667,1123,4129,4703,8832,MONCLOA-ARAVACA / TODOS,01-01-2008,2008
50 - 54,3126,3815,6941,280,515,795,3406,4330,7736,MONCLOA-ARAVACA / TODOS,01-01-2008,2008
55 - 59,3107,3643,6750,151,283,434,3258,3926,7184,MONCLOA-ARAVACA / TODOS,01-01-2008,2008
60 - 64,2833,3468,6301,87,179,266,2920,3647,6567,MONCLOA-ARAVACA / TODOS,01-01-2008,2008
65 - 69,2147,2827,4974,62,84,146,2209,2911,5120,MONCLOA-ARAVACA / TODOS,01-01-2008,2008
70 - 74,2207,3055,5262,39,50,89,2246,3105,5351,MONCLOA-ARAVACA / TODOS,01-01-2008,2008
75 - 79,1847,2855,4702,27,37,64,1874,2892,4766,MONCLOA-ARAVACA / TODOS,01-01-2008,2008
80 - 84,1177,2311,3488,13,27,40,1190,2338,3528,MONCLOA-ARAVACA / TODOS,01-01-2008,2008
85 - 89,641,1536,2177,14,22,36,655,1558,2213,MONCLOA-ARAVACA / TODOS,01-01-2008,2008
90 - 94,249,725,974,2,16,18,251,741,992,MONCLOA-ARAVACA / TODOS,01-01-2008,2008
95 - 99,68,222,290,0,3,3,68,225,293,MONCLOA-ARAVACA / TODOS,01-01-2008,2008
100 o más,10,32,42,0,1,1,10,33,43,MONCLOA-ARAVACA / TODOS,01-01-2008,2008
No Consta,2,3,5,0,1,1,2,4,6,MONCLOA-ARAVACA / TODOS,01-01-2008,2008
Total,98718,111697,210415,25280,23648,48928,123998,135345,259343,LATINA / TODOS,01-01-2008,2008
0 - 4,4348,4071,8419,1122,1087,2209,5470,5158,10628,LATINA / TODOS,01-01-2008,2008
5 - 9,3882,3718,7600,932,868,1800,4814,4586,9400,LATINA / TODOS,01-01-2008,2008
10 - 14,3626,3414,7040,1187,1083,2270,4813,4497,9310,LATINA / TODOS,01-01-2008,2008
15 - 19,3958,3900,7858,1333,1256,2589,5291,5156,10447,LATINA / TODOS,01-01-2008,2008
20 - 24,5105,4739,9844,2807,2892,5699,7912,7631,15543,LATINA / TODOS,01-01-2008,2008
25 - 29,6894,6642,13536,4552,4143,8695,11446,10785,22231,LATINA / TODOS,01-01-2008,2008
30 - 34,8286,7860,16146,4313,3646,7959,12599,11506,24105,LATINA / TODOS,01-01-2008,2008
35 - 39,8071,8001,16072,3407,2771,6178,11478,10772,22250,LATINA / TODOS,01-01-2008,2008
40 - 44,7461,7892,15353,2302,2124,4426,9763,10016,19779,LATINA / TODOS,01-01-2008,2008
45 - 49,6779,7268,14047,1554,1521,3075,8333,8789,17122,LATINA / TODOS,01-01-2008,2008
50 - 54,5654,6421,12075,921,999,1920,6575,7420,13995,LATINA / TODOS,01-01-2008,2008
55 - 59,5199,6790,11989,455,597,1052,5654,7387,13041,LATINA / TODOS,01-01-2008,2008
60 - 64,6377,9034,15411,190,295,485,6567,9329,15896,LATINA / TODOS,01-01-2008,2008
65 - 69,6723,8089,14812,94,164,258,6817,8253,15070,LATINA / TODOS,01-01-2008,2008
70 - 74,6433,7798,14231,42,101,143,6475,7899,14374,LATINA / TODOS,01-01-2008,2008
75 - 79,5009,6826,11835,51,51,102,5060,6877,11937,LATINA / TODOS,01-01-2008,2008
80 - 84,3026,4880,7906,13,27,40,3039,4907,7946,LATINA / TODOS,01-01-2008,2008
85 - 89,1317,2762,4079,3,16,19,1320,2778,4098,LATINA / TODOS,01-01-2008,2008
90 - 94,458,1228,1686,2,6,8,460,1234,1694,LATINA / TODOS,01-01-2008,2008
95 - 99,96,302,398,0,1,1,96,303,399,LATINA / TODOS,01-01-2008,2008
100 o más,16,61,77,0,0,0,16,61,77,LATINA / TODOS,01-01-2008,2008
No Consta,0,1,1,0,0,0,0,1,1,LATINA / TODOS,01-01-2008,2008
Total,91167,104401,195568,30644,28184,58828,121811,132585,254396,CARABANCHEL / TODOS,01-01-2008,2008
0 - 4,5072,4913,9985,1456,1355,2811,6528,6268,12796,CARABANCHEL / TODOS,01-01-2008,2008
5 - 9,4037,3850,7887,1166,1071,2237,5203,4921,10124,CARABANCHEL / TODOS,01-01-2008,2008
10 - 14,3492,3454,6946,1478,1443,2921,4970,4897,9867,CARABANCHEL / TODOS,01-01-2008,2008
15 - 19,3912,3659,7571,1632,1642,3274,5544,5301,10845,CARABANCHEL / TODOS,01-01-2008,2008
20 - 24,4449,4344,8793,3248,3338,6586,7697,7682,15379,CARABANCHEL / TODOS,01-01-2008,2008
25 - 29,5997,6009,12006,5465,4942,10407,11462,10951,22413,CARABANCHEL / TODOS,01-01-2008,2008
30 - 34,8258,8292,16550,5289,4331,9620,13547,12623,26170,CARABANCHEL / TODOS,01-01-2008,2008
35 - 39,8165,8117,16282,4170,3288,7458,12335,11405,23740,CARABANCHEL / TODOS,01-01-2008,2008
40 - 44,7371,7673,15044,2823,2447,5270,10194,10120,20314,CARABANCHEL / TODOS,01-01-2008,2008
45 - 49,6480,6928,13408,1869,1794,3663,8349,8722,17071,CARABANCHEL / TODOS,01-01-2008,2008
50 - 54,5182,5920,11102,1102,1141,2243,6284,7061,13345,CARABANCHEL / TODOS,01-01-2008,2008
55 - 59,4881,6007,10888,494,596,1090,5375,6603,11978,CARABANCHEL / TODOS,01-01-2008,2008
60 - 64,5107,6504,11611,192,336,528,5299,6840,12139,CARABANCHEL / TODOS,01-01-2008,2008
65 - 69,4583,5976,10559,105,187,292,4688,6163,10851,CARABANCHEL / TODOS,01-01-2008,2008
70 - 74,5238,7004,12242,85,141,226,5323,7145,12468,CARABANCHEL / TODOS,01-01-2008,2008
75 - 79,4411,6712,11123,34,70,104,4445,6782,11227,CARABANCHEL / TODOS,01-01-2008,2008
80 - 84,2744,4777,7521,29,37,66,2773,4814,7587,CARABANCHEL / TODOS,01-01-2008,2008
85 - 89,1273,2787,4060,4,15,19,1277,2802,4079,CARABANCHEL / TODOS,01-01-2008,2008
90 - 94,395,1147,1542,2,6,8,397,1153,1550,CARABANCHEL / TODOS,01-01-2008,2008
95 - 99,108,277,385,0,3,3,108,280,388,CARABANCHEL / TODOS,01-01-2008,2008
100 o más,9,51,60,1,1,2,10,52,62,CARABANCHEL / TODOS,01-01-2008,2008
No Consta,3,0,3,0,0,0,3,0,3,CARABANCHEL / TODOS,01-01-2008,2008
Total,50407,56621,107028,17147,15887,33034,67554,72508,140062,USERA / TODOS,01-01-2008,2008
0 - 4,3159,2982,6141,851,788,1639,4010,3770,7780,USERA / TODOS,01-01-2008,2008
5 - 9,2601,2436,5037,674,602,1276,3275,3038,6313,USERA / TODOS,01-01-2008,2008
10 - 14,2121,2053,4174,865,806,1671,2986,2859,5845,USERA / TODOS,01-01-2008,2008
15 - 19,2279,2222,4501,979,973,1952,3258,3195,6453,USERA / TODOS,01-01-2008,2008
20 - 24,2632,2534,5166,1799,1867,3666,4431,4401,8832,USERA / TODOS,01-01-2008,2008
25 - 29,3141,3115,6256,2953,2784,5737,6094,5899,11993,USERA / TODOS,01-01-2008,2008
30 - 34,4299,4482,8781,2851,2458,5309,7150,6940,14090,USERA / TODOS,01-01-2008,2008
35 - 39,4497,4408,8905,2396,1942,4338,6893,6350,13243,USERA / TODOS,01-01-2008,2008
40 - 44,4237,4285,8522,1718,1430,3148,5955,5715,11670,USERA / TODOS,01-01-2008,2008
45 - 49,3689,3919,7608,996,928,1924,4685,4847,9532,USERA / TODOS,01-01-2008,2008
50 - 54,3054,3198,6252,586,577,1163,3640,3775,7415,USERA / TODOS,01-01-2008,2008
55 - 59,2547,2908,5455,244,290,534,2791,3198,5989,USERA / TODOS,01-01-2008,2008
60 - 64,2388,2945,5333,105,180,285,2493,3125,5618,USERA / TODOS,01-01-2008,2008
65 - 69,2039,2697,4736,58,114,172,2097,2811,4908,USERA / TODOS,01-01-2008,2008
70 - 74,2658,3871,6529,41,75,116,2699,3946,6645,USERA / TODOS,01-01-2008,2008
75 - 79,2581,3782,6363,15,40,55,2596,3822,6418,USERA / TODOS,01-01-2008,2008
80 - 84,1581,2655,4236,11,18,29,1592,2673,4265,USERA / TODOS,01-01-2008,2008
85 - 89,675,1470,2145,3,9,12,678,1479,2157,USERA / TODOS,01-01-2008,2008
90 - 94,187,509,696,1,5,6,188,514,702,USERA / TODOS,01-01-2008,2008
95 - 99,38,131,169,0,0,0,38,131,169,USERA / TODOS,01-01-2008,2008
100 o más,4,19,23,1,1,2,5,20,25,USERA / TODOS,01-01-2008,2008
Total,94195,103835,198030,24496,22430,46926,118691,126265,244956,PUENTE DE VALLECAS / TODOS,01-01-2008,2008
0 - 4,5013,4621,9634,1231,1156,2387,6244,5777,12021,PUENTE DE VALLECAS / TODOS,01-01-2008,2008
5 - 9,4578,4460,9038,997,910,1907,5575,5370,10945,PUENTE DE VALLECAS / TODOS,01-01-2008,2008
10 - 14,4495,4164,8659,1216,1189,2405,5711,5353,11064,PUENTE DE VALLECAS / TODOS,01-01-2008,2008
15 - 19,5163,4647,9810,1264,1303,2567,6427,5950,12377,PUENTE DE VALLECAS / TODOS,01-01-2008,2008
20 - 24,5596,5288,10884,2515,2577,5092,8111,7865,15976,PUENTE DE VALLECAS / TODOS,01-01-2008,2008
25 - 29,6386,6153,12539,4396,3879,8275,10782,10032,20814,PUENTE DE VALLECAS / TODOS,01-01-2008,2008
30 - 34,7343,6965,14308,4318,3571,7889,11661,10536,22197,PUENTE DE VALLECAS / TODOS,01-01-2008,2008
35 - 39,7189,7386,14575,3383,2743,6126,10572,10129,20701,PUENTE DE VALLECAS / TODOS,01-01-2008,2008
40 - 44,8384,8811,17195,2302,1976,4278,10686,10787,21473,PUENTE DE VALLECAS / TODOS,01-01-2008,2008
45 - 49,7746,8322,16068,1448,1270,2718,9194,9592,18786,PUENTE DE VALLECAS / TODOS,01-01-2008,2008
50 - 54,6086,6269,12355,730,823,1553,6816,7092,13908,PUENTE DE VALLECAS / TODOS,01-01-2008,2008
55 - 59,4846,5267,10113,358,454,812,5204,5721,10925,PUENTE DE VALLECAS / TODOS,01-01-2008,2008
60 - 64,4445,5340,9785,142,256,398,4587,5596,10183,PUENTE DE VALLECAS / TODOS,01-01-2008,2008
65 - 69,3748,5008,8756,90,146,236,3838,5154,8992,PUENTE DE VALLECAS / TODOS,01-01-2008,2008
70 - 74,4763,6651,11414,52,79,131,4815,6730,11545,PUENTE DE VALLECAS / TODOS,01-01-2008,2008
75 - 79,4424,6470,10894,32,59,91,4456,6529,10985,PUENTE DE VALLECAS / TODOS,01-01-2008,2008
80 - 84,2561,4567,7128,15,23,38,2576,4590,7166,PUENTE DE VALLECAS / TODOS,01-01-2008,2008
85 - 89,1099,2378,3477,5,12,17,1104,2390,3494,PUENTE DE VALLECAS / TODOS,01-01-2008,2008
90 - 94,260,828,1088,1,3,4,261,831,1092,PUENTE DE VALLECAS / TODOS,01-01-2008,2008
95 - 99,64,210,274,1,1,2,65,211,276,PUENTE DE VALLECAS / TODOS,01-01-2008,2008
100 o más,5,30,35,0,0,0,5,30,35,PUENTE DE VALLECAS / TODOS,01-01-2008,2008
No Consta,1,0,1,0,0,0,1,0,1,PUENTE DE VALLECAS / TODOS,01-01-2008,2008
Total,43711,49747,93458,5636,5740,11376,49347,55487,104834,MORATALAZ / TODOS,01-01-2008,2008
0 - 4,1967,2000,3967,223,234,457,2190,2234,4424,MORATALAZ / TODOS,01-01-2008,2008
5 - 9,2100,2018,4118,214,211,425,2314,2229,4543,MORATALAZ / TODOS,01-01-2008,2008
10 - 14,2131,2043,4174,277,279,556,2408,2322,4730,MORATALAZ / TODOS,01-01-2008,2008
15 - 19,2123,1990,4113,367,284,651,2490,2274,4764,MORATALAZ / TODOS,01-01-2008,2008
20 - 24,2288,2170,4458,688,681,1369,2976,2851,5827,MORATALAZ / TODOS,01-01-2008,2008
25 - 29,2730,2645,5375,930,984,1914,3660,3629,7289,MORATALAZ / TODOS,01-01-2008,2008
30 - 34,3207,3075,6282,946,896,1842,4153,3971,8124,MORATALAZ / TODOS,01-01-2008,2008
35 - 39,3510,3728,7238,813,711,1524,4323,4439,8762,MORATALAZ / TODOS,01-01-2008,2008
40 - 44,3777,4066,7843,455,492,947,4232,4558,8790,MORATALAZ / TODOS,01-01-2008,2008
45 - 49,3396,3568,6964,275,353,628,3671,3921,7592,MORATALAZ / TODOS,01-01-2008,2008
50 - 54,2532,3008,5540,198,231,429,2730,3239,5969,MORATALAZ / TODOS,01-01-2008,2008
55 - 59,2280,2834,5114,85,144,229,2365,2978,5343,MORATALAZ / TODOS,01-01-2008,2008
60 - 64,2443,3255,5698,53,82,135,2496,3337,5833,MORATALAZ / TODOS,01-01-2008,2008
65 - 69,2423,3265,5688,41,68,109,2464,3333,5797,MORATALAZ / TODOS,01-01-2008,2008
70 - 74,2868,3700,6568,33,42,75,2901,3742,6643,MORATALAZ / TODOS,01-01-2008,2008
75 - 79,2148,3006,5154,20,25,45,2168,3031,5199,MORATALAZ / TODOS,01-01-2008,2008
80 - 84,1147,1831,2978,9,13,22,1156,1844,3000,MORATALAZ / TODOS,01-01-2008,2008
85 - 89,435,961,1396,8,6,14,443,967,1410,MORATALAZ / TODOS,01-01-2008,2008
90 - 94,160,446,606,1,3,4,161,449,610,MORATALAZ / TODOS,01-01-2008,2008
95 - 99,43,125,168,0,1,1,43,126,169,MORATALAZ / TODOS,01-01-2008,2008
100 o más,3,12,15,0,0,0,3,12,15,MORATALAZ / TODOS,01-01-2008,2008
No Consta,0,1,1,0,0,0,0,1,1,MORATALAZ / TODOS,01-01-2008,2008
Total,86294,102134,188428,19476,20961,40437,105770,123095,228865,CIUDAD LINEAL / TODOS,01-01-2008,2008
0 - 4,4217,3986,8203,831,812,1643,5048,4798,9846,CIUDAD LINEAL / TODOS,01-01-2008,2008
5 - 9,4097,3821,7918,760,757,1517,4857,4578,9435,CIUDAD LINEAL / TODOS,01-01-2008,2008
10 - 14,3713,3479,7192,1005,953,1958,4718,4432,9150,CIUDAD LINEAL / TODOS,01-01-2008,2008
15 - 19,4002,3818,7820,1100,1070,2170,5102,4888,9990,CIUDAD LINEAL / TODOS,01-01-2008,2008
20 - 24,4446,4424,8870,1840,2158,3998,6286,6582,12868,CIUDAD LINEAL / TODOS,01-01-2008,2008
25 - 29,5531,5342,10873,3209,3613,6822,8740,8955,17695,CIUDAD LINEAL / TODOS,01-01-2008,2008
30 - 34,6688,6508,13196,3319,3329,6648,10007,9837,19844,CIUDAD LINEAL / TODOS,01-01-2008,2008
35 - 39,6574,7151,13725,2619,2493,5112,9193,9644,18837,CIUDAD LINEAL / TODOS,01-01-2008,2008
40 - 44,6923,7886,14809,1895,1996,3891,8818,9882,18700,CIUDAD LINEAL / TODOS,01-01-2008,2008
45 - 49,6516,7554,14070,1251,1484,2735,7767,9038,16805,CIUDAD LINEAL / TODOS,01-01-2008,2008
50 - 54,5466,6623,12089,732,989,1721,6198,7612,13810,CIUDAD LINEAL / TODOS,01-01-2008,2008
55 - 59,4936,6237,11173,436,538,974,5372,6775,12147,CIUDAD LINEAL / TODOS,01-01-2008,2008
60 - 64,4993,6617,11610,194,303,497,5187,6920,12107,CIUDAD LINEAL / TODOS,01-01-2008,2008
65 - 69,4215,5899,10114,113,186,299,4328,6085,10413,CIUDAD LINEAL / TODOS,01-01-2008,2008
70 - 74,4965,7164,12129,78,115,193,5043,7279,12322,CIUDAD LINEAL / TODOS,01-01-2008,2008
75 - 79,4537,6782,11319,50,72,122,4587,6854,11441,CIUDAD LINEAL / TODOS,01-01-2008,2008
80 - 84,2810,4658,7468,30,49,79,2840,4707,7547,CIUDAD LINEAL / TODOS,01-01-2008,2008
85 - 89,1169,2746,3915,9,33,42,1178,2779,3957,CIUDAD LINEAL / TODOS,01-01-2008,2008
90 - 94,408,1127,1535,3,6,9,411,1133,1544,CIUDAD LINEAL / TODOS,01-01-2008,2008
95 - 99,80,267,347,2,4,6,82,271,353,CIUDAD LINEAL / TODOS,01-01-2008,2008
100 o más,6,43,49,0,1,1,6,44,50,CIUDAD LINEAL / TODOS,01-01-2008,2008
No Consta,2,2,4,0,0,0,2,2,4,CIUDAD LINEAL / TODOS,01-01-2008,2008
Total,70901,77188,148089,9394,10753,20147,80295,87941,168236,HORTALEZA / TODOS,01-01-2008,2008
0 - 4,4150,3982,8132,430,441,871,4580,4423,9003,HORTALEZA / TODOS,01-01-2008,2008
5 - 9,3827,3637,7464,490,496,986,4317,4133,8450,HORTALEZA / TODOS,01-01-2008,2008
10 - 14,3455,3275,6730,567,543,1110,4022,3818,7840,HORTALEZA / TODOS,01-01-2008,2008
15 - 19,3628,3494,7122,538,548,1086,4166,4042,8208,HORTALEZA / TODOS,01-01-2008,2008
20 - 24,3905,3645,7550,766,1056,1822,4671,4701,9372,HORTALEZA / TODOS,01-01-2008,2008
25 - 29,4849,4825,9674,1312,1536,2848,6161,6361,12522,HORTALEZA / TODOS,01-01-2008,2008
30 - 34,6378,6315,12693,1367,1585,2952,7745,7900,15645,HORTALEZA / TODOS,01-01-2008,2008
35 - 39,5965,6206,12171,1262,1377,2639,7227,7583,14810,HORTALEZA / TODOS,01-01-2008,2008
40 - 44,5764,6333,12097,944,1022,1966,6708,7355,14063,HORTALEZA / TODOS,01-01-2008,2008
45 - 49,5449,5836,11285,682,754,1436,6131,6590,12721,HORTALEZA / TODOS,01-01-2008,2008
50 - 54,4365,4874,9239,435,531,966,4800,5405,10205,HORTALEZA / TODOS,01-01-2008,2008
55 - 59,4071,4960,9031,249,336,585,4320,5296,9616,HORTALEZA / TODOS,01-01-2008,2008
60 - 64,4307,5075,9382,137,188,325,4444,5263,9707,HORTALEZA / TODOS,01-01-2008,2008
65 - 69,3450,3789,7239,93,153,246,3543,3942,7485,HORTALEZA / TODOS,01-01-2008,2008
70 - 74,3027,3754,6781,58,73,131,3085,3827,6912,HORTALEZA / TODOS,01-01-2008,2008
75 - 79,2338,3105,5443,38,59,97,2376,3164,5540,HORTALEZA / TODOS,01-01-2008,2008
80 - 84,1237,2115,3352,20,31,51,1257,2146,3403,HORTALEZA / TODOS,01-01-2008,2008
85 - 89,518,1236,1754,5,12,17,523,1248,1771,HORTALEZA / TODOS,01-01-2008,2008
90 - 94,176,559,735,1,6,7,177,565,742,HORTALEZA / TODOS,01-01-2008,2008
95 - 99,40,147,187,0,5,5,40,152,192,HORTALEZA / TODOS,01-01-2008,2008
100 o más,1,25,26,0,1,1,1,26,27,HORTALEZA / TODOS,01-01-2008,2008
No Consta,1,1,2,0,0,0,1,1,2,HORTALEZA / TODOS,01-01-2008,2008
Total,55036,59228,114264,18427,16058,34485,73463,75286,148749,VILLAVERDE / TODOS,01-01-2008,2008
0 - 4,3522,3238,6760,956,902,1858,4478,4140,8618,VILLAVERDE / TODOS,01-01-2008,2008
5 - 9,2741,2741,5482,770,752,1522,3511,3493,7004,VILLAVERDE / TODOS,01-01-2008,2008
10 - 14,2389,2294,4683,930,933,1863,3319,3227,6546,VILLAVERDE / TODOS,01-01-2008,2008
15 - 19,2522,2513,5035,1045,1053,2098,3567,3566,7133,VILLAVERDE / TODOS,01-01-2008,2008
20 - 24,2887,2712,5599,1757,1830,3587,4644,4542,9186,VILLAVERDE / TODOS,01-01-2008,2008
25 - 29,3585,3423,7008,3159,2711,5870,6744,6134,12878,VILLAVERDE / TODOS,01-01-2008,2008
30 - 34,4852,4942,9794,3209,2461,5670,8061,7403,15464,VILLAVERDE / TODOS,01-01-2008,2008
35 - 39,4871,4820,9691,2542,1863,4405,7413,6683,14096,VILLAVERDE / TODOS,01-01-2008,2008
40 - 44,4964,4871,9835,1746,1330,3076,6710,6201,12911,VILLAVERDE / TODOS,01-01-2008,2008
45 - 49,4115,4074,8189,1167,906,2073,5282,4980,10262,VILLAVERDE / TODOS,01-01-2008,2008
50 - 54,2949,3076,6025,620,545,1165,3569,3621,7190,VILLAVERDE / TODOS,01-01-2008,2008
55 - 59,2563,2971,5534,279,347,626,2842,3318,6160,VILLAVERDE / TODOS,01-01-2008,2008
60 - 64,2835,3396,6231,103,164,267,2938,3560,6498,VILLAVERDE / TODOS,01-01-2008,2008
65 - 69,2580,3219,5799,60,118,178,2640,3337,5977,VILLAVERDE / TODOS,01-01-2008,2008
70 - 74,3118,4087,7205,45,78,123,3163,4165,7328,VILLAVERDE / TODOS,01-01-2008,2008
75 - 79,2566,3320,5886,27,40,67,2593,3360,5953,VILLAVERDE / TODOS,01-01-2008,2008
80 - 84,1312,2072,3384,10,23,33,1322,2095,3417,VILLAVERDE / TODOS,01-01-2008,2008
85 - 89,474,964,1438,2,1,3,476,965,1441,VILLAVERDE / TODOS,01-01-2008,2008
90 - 94,156,367,523,0,1,1,156,368,524,VILLAVERDE / TODOS,01-01-2008,2008
95 - 99,32,112,144,0,0,0,32,112,144,VILLAVERDE / TODOS,01-01-2008,2008
100 o más,3,16,19,0,0,0,3,16,19,VILLAVERDE / TODOS,01-01-2008,2008
Total,29438,31310,60748,6302,5999,12301,35740,37309,73049,VILLA DE VALLECAS / TODOS,01-01-2008,2008
0 - 4,1776,1625,3401,394,405,799,2170,2030,4200,VILLA DE VALLECAS / TODOS,01-01-2008,2008
5 - 9,1630,1512,3142,333,339,672,1963,1851,3814,VILLA DE VALLECAS / TODOS,01-01-2008,2008
10 - 14,1558,1352,2910,297,355,652,1855,1707,3562,VILLA DE VALLECAS / TODOS,01-01-2008,2008
15 - 19,1749,1654,3403,382,366,748,2131,2020,4151,VILLA DE VALLECAS / TODOS,01-01-2008,2008
20 - 24,1813,1789,3602,698,667,1365,2511,2456,4967,VILLA DE VALLECAS / TODOS,01-01-2008,2008
25 - 29,2231,2350,4581,1034,959,1993,3265,3309,6574,VILLA DE VALLECAS / TODOS,01-01-2008,2008
30 - 34,2858,2821,5679,1044,834,1878,3902,3655,7557,VILLA DE VALLECAS / TODOS,01-01-2008,2008
35 - 39,2346,2481,4827,749,702,1451,3095,3183,6278,VILLA DE VALLECAS / TODOS,01-01-2008,2008
40 - 44,2376,2531,4907,554,504,1058,2930,3035,5965,VILLA DE VALLECAS / TODOS,01-01-2008,2008
45 - 49,2390,2476,4866,371,358,729,2761,2834,5595,VILLA DE VALLECAS / TODOS,01-01-2008,2008
50 - 54,1807,2048,3855,240,243,483,2047,2291,4338,VILLA DE VALLECAS / TODOS,01-01-2008,2008
55 - 59,1747,1877,3624,111,103,214,1858,1980,3838,VILLA DE VALLECAS / TODOS,01-01-2008,2008
60 - 64,1518,1574,3092,43,60,103,1561,1634,3195,VILLA DE VALLECAS / TODOS,01-01-2008,2008
65 - 69,1058,1270,2328,28,39,67,1086,1309,2395,VILLA DE VALLECAS / TODOS,01-01-2008,2008
70 - 74,1110,1383,2493,7,27,34,1117,1410,2527,VILLA DE VALLECAS / TODOS,01-01-2008,2008
75 - 79,771,1146,1917,7,19,26,778,1165,1943,VILLA DE VALLECAS / TODOS,01-01-2008,2008
80 - 84,441,769,1210,7,12,19,448,781,1229,VILLA DE VALLECAS / TODOS,01-01-2008,2008
85 - 89,195,433,628,3,4,7,198,437,635,VILLA DE VALLECAS / TODOS,01-01-2008,2008
90 - 94,57,175,232,0,1,1,57,176,233,VILLA DE VALLECAS / TODOS,01-01-2008,2008
95 - 99,5,39,44,0,2,2,5,41,46,VILLA DE VALLECAS / TODOS,01-01-2008,2008
100 o más,2,5,7,0,0,0,2,5,7,VILLA DE VALLECAS / TODOS,01-01-2008,2008
Total,28400,29337,57737,5667,5368,11035,34067,34705,68772,VICALVARO / TODOS,01-01-2008,2008
0 - 4,2200,2204,4404,293,307,600,2493,2511,5004,VICALVARO / TODOS,01-01-2008,2008
5 - 9,1773,1672,3445,246,212,458,2019,1884,3903,VICALVARO / TODOS,01-01-2008,2008
10 - 14,1420,1389,2809,250,250,500,1670,1639,3309,VICALVARO / TODOS,01-01-2008,2008
15 - 19,1288,1187,2475,340,315,655,1628,1502,3130,VICALVARO / TODOS,01-01-2008,2008
20 - 24,1256,1184,2440,589,667,1256,1845,1851,3696,VICALVARO / TODOS,01-01-2008,2008
25 - 29,1599,1649,3248,987,940,1927,2586,2589,5175,VICALVARO / TODOS,01-01-2008,2008
30 - 34,3044,3185,6229,1004,790,1794,4048,3975,8023,VICALVARO / TODOS,01-01-2008,2008
35 - 39,3345,3215,6560,730,641,1371,4075,3856,7931,VICALVARO / TODOS,01-01-2008,2008
40 - 44,2956,2841,5797,496,435,931,3452,3276,6728,VICALVARO / TODOS,01-01-2008,2008
45 - 49,2199,2114,4313,354,314,668,2553,2428,4981,VICALVARO / TODOS,01-01-2008,2008
50 - 54,1358,1410,2768,197,211,408,1555,1621,3176,VICALVARO / TODOS,01-01-2008,2008
55 - 59,1084,1224,2308,81,119,200,1165,1343,2508,VICALVARO / TODOS,01-01-2008,2008
60 - 64,1099,1426,2525,47,64,111,1146,1490,2636,VICALVARO / TODOS,01-01-2008,2008
65 - 69,1277,1361,2638,17,45,62,1294,1406,2700,VICALVARO / TODOS,01-01-2008,2008
70 - 74,1161,1298,2459,16,35,51,1177,1333,2510,VICALVARO / TODOS,01-01-2008,2008
75 - 79,769,909,1678,15,14,29,784,923,1707,VICALVARO / TODOS,01-01-2008,2008
80 - 84,361,628,989,3,4,7,364,632,996,VICALVARO / TODOS,01-01-2008,2008
85 - 89,158,278,436,1,3,4,159,281,440,VICALVARO / TODOS,01-01-2008,2008
90 - 94,40,135,175,1,1,2,41,136,177,VICALVARO / TODOS,01-01-2008,2008
95 - 99,12,25,37,0,1,1,12,26,38,VICALVARO / TODOS,01-01-2008,2008
100 o más,0,3,3,0,0,0,0,3,3,VICALVARO / TODOS,01-01-2008,2008
No Consta,1,0,1,0,0,0,1,0,1,VICALVARO / TODOS,01-01-2008,2008
Total,64102,70086,134188,11222,10629,21851,75324,80715,156039,SAN BLAS-CANILLEJAS / TODOS,01-01-2008,2008
0 - 4,4157,4017,8174,450,434,884,4607,4451,9058,SAN BLAS-CANILLEJAS / TODOS,01-01-2008,2008
5 - 9,3739,3508,7247,456,462,918,4195,3970,8165,SAN BLAS-CANILLEJAS / TODOS,01-01-2008,2008
10 - 14,2876,2775,5651,591,536,1127,3467,3311,6778,SAN BLAS-CANILLEJAS / TODOS,01-01-2008,2008
15 - 19,3000,2839,5839,589,618,1207,3589,3457,7046,SAN BLAS-CANILLEJAS / TODOS,01-01-2008,2008
20 - 24,3203,2991,6194,1153,1147,2300,4356,4138,8494,SAN BLAS-CANILLEJAS / TODOS,01-01-2008,2008
25 - 29,3706,3549,7255,1920,1780,3700,5626,5329,10955,SAN BLAS-CANILLEJAS / TODOS,01-01-2008,2008
30 - 34,4952,5119,10071,1877,1733,3610,6829,6852,13681,SAN BLAS-CANILLEJAS / TODOS,01-01-2008,2008
35 - 39,6375,6422,12797,1574,1265,2839,7949,7687,15636,SAN BLAS-CANILLEJAS / TODOS,01-01-2008,2008
40 - 44,6366,6568,12934,1053,934,1987,7419,7502,14921,SAN BLAS-CANILLEJAS / TODOS,01-01-2008,2008
45 - 49,5474,5441,10915,694,707,1401,6168,6148,12316,SAN BLAS-CANILLEJAS / TODOS,01-01-2008,2008
50 - 54,3904,4019,7923,416,432,848,4320,4451,8771,SAN BLAS-CANILLEJAS / TODOS,01-01-2008,2008
55 - 59,3074,3393,6467,248,278,526,3322,3671,6993,SAN BLAS-CANILLEJAS / TODOS,01-01-2008,2008
60 - 64,2763,3214,5977,99,140,239,2862,3354,6216,SAN BLAS-CANILLEJAS / TODOS,01-01-2008,2008
65 - 69,2260,2967,5227,49,74,123,2309,3041,5350,SAN BLAS-CANILLEJAS / TODOS,01-01-2008,2008
70 - 74,2952,4284,7236,27,44,71,2979,4328,7307,SAN BLAS-CANILLEJAS / TODOS,01-01-2008,2008
75 - 79,2857,4148,7005,18,30,48,2875,4178,7053,SAN BLAS-CANILLEJAS / TODOS,01-01-2008,2008
80 - 84,1622,2850,4472,3,9,12,1625,2859,4484,SAN BLAS-CANILLEJAS / TODOS,01-01-2008,2008
85 - 89,612,1368,1980,3,4,7,615,1372,1987,SAN BLAS-CANILLEJAS / TODOS,01-01-2008,2008
90 - 94,166,465,631,2,2,4,168,467,635,SAN BLAS-CANILLEJAS / TODOS,01-01-2008,2008
95 - 99,40,126,166,0,0,0,40,126,166,SAN BLAS-CANILLEJAS / TODOS,01-01-2008,2008
100 o más,4,22,26,0,0,0,4,22,26,SAN BLAS-CANILLEJAS / TODOS,01-01-2008,2008
No Consta,0,1,1,0,0,0,0,1,1,SAN BLAS-CANILLEJAS / TODOS,01-01-2008,2008
Total,19000,19524,38524,2592,2845,5437,21592,22369,43961,BARAJAS / TODOS,01-01-2008,2008
0 - 4,1321,1217,2538,124,119,243,1445,1336,2781,BARAJAS / TODOS,01-01-2008,2008
5 - 9,1060,994,2054,140,102,242,1200,1096,2296,BARAJAS / TODOS,01-01-2008,2008
10 - 14,890,758,1648,115,119,234,1005,877,1882,BARAJAS / TODOS,01-01-2008,2008
15 - 19,849,836,1685,136,133,269,985,969,1954,BARAJAS / TODOS,01-01-2008,2008
20 - 24,1054,975,2029,206,305,511,1260,1280,2540,BARAJAS / TODOS,01-01-2008,2008
25 - 29,1435,1307,2742,379,457,836,1814,1764,3578,BARAJAS / TODOS,01-01-2008,2008
30 - 34,1798,1762,3560,403,469,872,2201,2231,4432,BARAJAS / TODOS,01-01-2008,2008
35 - 39,1780,1801,3581,383,352,735,2163,2153,4316,BARAJAS / TODOS,01-01-2008,2008
40 - 44,1565,1674,3239,274,259,533,1839,1933,3772,BARAJAS / TODOS,01-01-2008,2008
45 - 49,1386,1357,2743,182,219,401,1568,1576,3144,BARAJAS / TODOS,01-01-2008,2008
50 - 54,1158,1208,2366,97,121,218,1255,1329,2584,BARAJAS / TODOS,01-01-2008,2008
55 - 59,1176,1453,2629,67,80,147,1243,1533,2776,BARAJAS / TODOS,01-01-2008,2008
60 - 64,1190,1335,2525,47,41,88,1237,1376,2613,BARAJAS / TODOS,01-01-2008,2008
65 - 69,841,853,1694,16,29,45,857,882,1739,BARAJAS / TODOS,01-01-2008,2008
70 - 74,637,654,1291,13,17,30,650,671,1321,BARAJAS / TODOS,01-01-2008,2008
75 - 79,395,543,938,4,8,12,399,551,950,BARAJAS / TODOS,01-01-2008,2008
80 - 84,268,391,659,2,11,13,270,402,672,BARAJAS / TODOS,01-01-2008,2008
85 - 89,149,260,409,3,3,6,152,263,415,BARAJAS / TODOS,01-01-2008,2008
90 - 94,45,109,154,1,1,2,46,110,156,BARAJAS / TODOS,01-01-2008,2008
95 - 99,1,30,31,0,0,0,1,30,31,BARAJAS / TODOS,01-01-2008,2008
100 o más,2,7,9,0,0,0,2,7,9,BARAJAS / TODOS,01-01-2008,2008
Total,49179,55446,104625,22241,17609,39850,71420,73055,144475,CENTRO / TODOS,01-01-2009,2009
0 - 4,1857,1808,3665,755,721,1476,2612,2529,5141,CENTRO / TODOS,01-01-2009,2009
5 - 9,1542,1484,3026,492,458,950,2034,1942,3976,CENTRO / TODOS,01-01-2009,2009
10 - 14,1242,1228,2470,551,547,1098,1793,1775,3568,CENTRO / TODOS,01-01-2009,2009
15 - 19,1394,1345,2739,770,563,1333,2164,1908,4072,CENTRO / TODOS,01-01-2009,2009
20 - 24,1899,1841,3740,1853,1624,3477,3752,3465,7217,CENTRO / TODOS,01-01-2009,2009
25 - 29,3584,3694,7278,4205,3356,7561,7789,7050,14839,CENTRO / TODOS,01-01-2009,2009
30 - 34,5768,5385,11153,4659,3245,7904,10427,8630,19057,CENTRO / TODOS,01-01-2009,2009
35 - 39,5609,4917,10526,3383,2305,5688,8992,7222,16214,CENTRO / TODOS,01-01-2009,2009
40 - 44,4959,4361,9320,2365,1601,3966,7324,5962,13286,CENTRO / TODOS,01-01-2009,2009
45 - 49,4285,4161,8446,1385,1137,2522,5670,5298,10968,CENTRO / TODOS,01-01-2009,2009
50 - 54,3660,3841,7501,801,824,1625,4461,4665,9126,CENTRO / TODOS,01-01-2009,2009
55 - 59,2873,3321,6194,466,509,975,3339,3830,7169,CENTRO / TODOS,01-01-2009,2009
60 - 64,2686,3035,5721,249,268,517,2935,3303,6238,CENTRO / TODOS,01-01-2009,2009
65 - 69,2055,2627,4682,147,187,334,2202,2814,5016,CENTRO / TODOS,01-01-2009,2009
70 - 74,1717,2742,4459,81,111,192,1798,2853,4651,CENTRO / TODOS,01-01-2009,2009
75 - 79,1790,3297,5087,42,78,120,1832,3375,5207,CENTRO / TODOS,01-01-2009,2009
80 - 84,1295,2942,4237,29,37,66,1324,2979,4303,CENTRO / TODOS,01-01-2009,2009
85 - 89,692,2057,2749,4,19,23,696,2076,2772,CENTRO / TODOS,01-01-2009,2009
90 - 94,210,1003,1213,3,15,18,213,1018,1231,CENTRO / TODOS,01-01-2009,2009
95 - 99,53,313,366,0,3,3,53,316,369,CENTRO / TODOS,01-01-2009,2009
100 o más,9,43,52,1,1,2,10,44,54,CENTRO / TODOS,01-01-2009,2009
No Consta,0,1,1,0,0,0,0,1,1,CENTRO / TODOS,01-01-2009,2009
Total,59929,69988,129917,12539,12590,25129,72468,82578,155046,ARGANZUELA / TODOS,01-01-2009,2009
0 - 4,2910,2948,5858,500,513,1013,3410,3461,6871,ARGANZUELA / TODOS,01-01-2009,2009
5 - 9,2940,2720,5660,340,354,694,3280,3074,6354,ARGANZUELA / TODOS,01-01-2009,2009
10 - 14,2458,2352,4810,521,458,979,2979,2810,5789,ARGANZUELA / TODOS,01-01-2009,2009
15 - 19,2470,2421,4891,527,570,1097,2997,2991,5988,ARGANZUELA / TODOS,01-01-2009,2009
20 - 24,3000,2925,5925,1117,1196,2313,4117,4121,8238,ARGANZUELA / TODOS,01-01-2009,2009
25 - 29,4419,4184,8603,2188,2315,4503,6607,6499,13106,ARGANZUELA / TODOS,01-01-2009,2009
30 - 34,5052,5343,10395,2345,2122,4467,7397,7465,14862,ARGANZUELA / TODOS,01-01-2009,2009
35 - 39,5167,5411,10578,1829,1517,3346,6996,6928,13924,ARGANZUELA / TODOS,01-01-2009,2009
40 - 44,5526,5757,11283,1319,1223,2542,6845,6980,13825,ARGANZUELA / TODOS,01-01-2009,2009
45 - 49,5015,5845,10860,818,888,1706,5833,6733,12566,ARGANZUELA / TODOS,01-01-2009,2009
50 - 54,4568,5526,10094,508,605,1113,5076,6131,11207,ARGANZUELA / TODOS,01-01-2009,2009
55 - 59,3958,4630,8588,255,349,604,4213,4979,9192,ARGANZUELA / TODOS,01-01-2009,2009
60 - 64,3188,3938,7126,123,206,329,3311,4144,7455,ARGANZUELA / TODOS,01-01-2009,2009
65 - 69,2383,3135,5518,53,105,158,2436,3240,5676,ARGANZUELA / TODOS,01-01-2009,2009
70 - 74,2137,3190,5327,43,77,120,2180,3267,5447,ARGANZUELA / TODOS,01-01-2009,2009
75 - 79,2156,3488,5644,22,42,64,2178,3530,5708,ARGANZUELA / TODOS,01-01-2009,2009
80 - 84,1457,2966,4423,23,25,48,1480,2991,4471,ARGANZUELA / TODOS,01-01-2009,2009
85 - 89,766,2064,2830,7,18,25,773,2082,2855,ARGANZUELA / TODOS,01-01-2009,2009
90 - 94,283,871,1154,0,7,7,283,878,1161,ARGANZUELA / TODOS,01-01-2009,2009
95 - 99,67,240,307,0,0,0,67,240,307,ARGANZUELA / TODOS,01-01-2009,2009
100 o más,8,33,41,1,0,1,9,33,42,ARGANZUELA / TODOS,01-01-2009,2009
No Consta,1,1,2,0,0,0,1,1,2,ARGANZUELA / TODOS,01-01-2009,2009
Total,50904,61163,112067,5569,6894,12463,56473,68057,124530,RETIRO / TODOS,01-01-2009,2009
0 - 4,2303,2228,4531,235,214,449,2538,2442,4980,RETIRO / TODOS,01-01-2009,2009
5 - 9,2199,2120,4319,169,154,323,2368,2274,4642,RETIRO / TODOS,01-01-2009,2009
10 - 14,2082,1980,4062,201,205,406,2283,2185,4468,RETIRO / TODOS,01-01-2009,2009
15 - 19,2200,2246,4446,216,236,452,2416,2482,4898,RETIRO / TODOS,01-01-2009,2009
20 - 24,2758,2784,5542,445,666,1111,3203,3450,6653,RETIRO / TODOS,01-01-2009,2009
25 - 29,3715,3604,7319,948,1187,2135,4663,4791,9454,RETIRO / TODOS,01-01-2009,2009
30 - 34,4017,4156,8173,977,1144,2121,4994,5300,10294,RETIRO / TODOS,01-01-2009,2009
35 - 39,3814,3878,7692,762,871,1633,4576,4749,9325,RETIRO / TODOS,01-01-2009,2009
40 - 44,3854,4141,7995,594,637,1231,4448,4778,9226,RETIRO / TODOS,01-01-2009,2009
45 - 49,3663,4292,7955,359,512,871,4022,4804,8826,RETIRO / TODOS,01-01-2009,2009
50 - 54,3578,4556,8134,230,414,644,3808,4970,8778,RETIRO / TODOS,01-01-2009,2009
55 - 59,3406,4510,7916,141,255,396,3547,4765,8312,RETIRO / TODOS,01-01-2009,2009
60 - 64,3373,4363,7736,110,154,264,3483,4517,8000,RETIRO / TODOS,01-01-2009,2009
65 - 69,2745,3555,6300,66,101,167,2811,3656,6467,RETIRO / TODOS,01-01-2009,2009
70 - 74,2358,3300,5658,55,53,108,2413,3353,5766,RETIRO / TODOS,01-01-2009,2009
75 - 79,2115,3448,5563,30,32,62,2145,3480,5625,RETIRO / TODOS,01-01-2009,2009
80 - 84,1550,2882,4432,16,21,37,1566,2903,4469,RETIRO / TODOS,01-01-2009,2009
85 - 89,800,1940,2740,9,20,29,809,1960,2769,RETIRO / TODOS,01-01-2009,2009
90 - 94,283,871,1154,2,11,13,285,882,1167,RETIRO / TODOS,01-01-2009,2009
95 - 99,78,274,352,3,6,9,81,280,361,RETIRO / TODOS,01-01-2009,2009
100 o más,12,35,47,1,0,1,13,35,48,RETIRO / TODOS,01-01-2009,2009
No Consta,1,0,1,0,1,1,1,1,2,RETIRO / TODOS,01-01-2009,2009
Total,56100,71648,127748,8956,11947,20903,65056,83595,148651,SALAMANCA / TODOS,01-01-2009,2009
0 - 4,2560,2451,5011,360,337,697,2920,2788,5708,SALAMANCA / TODOS,01-01-2009,2009
5 - 9,2429,2394,4823,242,272,514,2671,2666,5337,SALAMANCA / TODOS,01-01-2009,2009
10 - 14,2203,2124,4327,280,289,569,2483,2413,4896,SALAMANCA / TODOS,01-01-2009,2009
15 - 19,2369,2244,4613,378,319,697,2747,2563,5310,SALAMANCA / TODOS,01-01-2009,2009
20 - 24,2876,2911,5787,666,1025,1691,3542,3936,7478,SALAMANCA / TODOS,01-01-2009,2009
25 - 29,3836,4135,7971,1440,2080,3520,5276,6215,11491,SALAMANCA / TODOS,01-01-2009,2009
30 - 34,4707,4889,9596,1681,2111,3792,6388,7000,13388,SALAMANCA / TODOS,01-01-2009,2009
35 - 39,4445,4766,9211,1234,1530,2764,5679,6296,11975,SALAMANCA / TODOS,01-01-2009,2009
40 - 44,4305,4967,9272,878,1170,2048,5183,6137,11320,SALAMANCA / TODOS,01-01-2009,2009
45 - 49,4074,4940,9014,560,913,1473,4634,5853,10487,SALAMANCA / TODOS,01-01-2009,2009
50 - 54,3835,4923,8758,436,744,1180,4271,5667,9938,SALAMANCA / TODOS,01-01-2009,2009
55 - 59,3561,4758,8319,280,489,769,3841,5247,9088,SALAMANCA / TODOS,01-01-2009,2009
60 - 64,3493,4698,8191,197,292,489,3690,4990,8680,SALAMANCA / TODOS,01-01-2009,2009
65 - 69,2790,4197,6987,122,154,276,2912,4351,7263,SALAMANCA / TODOS,01-01-2009,2009
70 - 74,2521,4195,6716,92,68,160,2613,4263,6876,SALAMANCA / TODOS,01-01-2009,2009
75 - 79,2572,4571,7143,53,51,104,2625,4622,7247,SALAMANCA / TODOS,01-01-2009,2009
80 - 84,1945,3822,5767,32,41,73,1977,3863,5840,SALAMANCA / TODOS,01-01-2009,2009
85 - 89,1057,2730,3787,17,28,45,1074,2758,3832,SALAMANCA / TODOS,01-01-2009,2009
90 - 94,393,1407,1800,3,16,19,396,1423,1819,SALAMANCA / TODOS,01-01-2009,2009
95 - 99,108,433,541,2,14,16,110,447,557,SALAMANCA / TODOS,01-01-2009,2009
100 o más,20,90,110,3,3,6,23,93,116,SALAMANCA / TODOS,01-01-2009,2009
No Consta,1,3,4,0,1,1,1,4,5,SALAMANCA / TODOS,01-01-2009,2009
Total,58662,70424,129086,7424,10412,17836,66086,80836,146922,CHAMARTIN / TODOS,01-01-2009,2009
0 - 4,3127,2913,6040,325,313,638,3452,3226,6678,CHAMARTIN / TODOS,01-01-2009,2009
5 - 9,2847,2752,5599,231,251,482,3078,3003,6081,CHAMARTIN / TODOS,01-01-2009,2009
10 - 14,2767,2495,5262,275,248,523,3042,2743,5785,CHAMARTIN / TODOS,01-01-2009,2009
15 - 19,2839,2681,5520,323,320,643,3162,3001,6163,CHAMARTIN / TODOS,01-01-2009,2009
20 - 24,3088,2989,6077,532,923,1455,3620,3912,7532,CHAMARTIN / TODOS,01-01-2009,2009
25 - 29,3947,3839,7786,1119,1691,2810,5066,5530,10596,CHAMARTIN / TODOS,01-01-2009,2009
30 - 34,4679,4900,9579,1246,1719,2965,5925,6619,12544,CHAMARTIN / TODOS,01-01-2009,2009
35 - 39,4629,4975,9604,1015,1316,2331,5644,6291,11935,CHAMARTIN / TODOS,01-01-2009,2009
40 - 44,4316,4986,9302,748,1074,1822,5064,6060,11124,CHAMARTIN / TODOS,01-01-2009,2009
45 - 49,4179,5068,9247,496,799,1295,4675,5867,10542,CHAMARTIN / TODOS,01-01-2009,2009
50 - 54,3895,4888,8783,378,587,965,4273,5475,9748,CHAMARTIN / TODOS,01-01-2009,2009
55 - 59,3624,4636,8260,237,395,632,3861,5031,8892,CHAMARTIN / TODOS,01-01-2009,2009
60 - 64,3623,4680,8303,153,282,435,3776,4962,8738,CHAMARTIN / TODOS,01-01-2009,2009
65 - 69,2829,4044,6873,125,160,285,2954,4204,7158,CHAMARTIN / TODOS,01-01-2009,2009
70 - 74,2534,3898,6432,88,111,199,2622,4009,6631,CHAMARTIN / TODOS,01-01-2009,2009
75 - 79,2437,3912,6349,66,75,141,2503,3987,6490,CHAMARTIN / TODOS,01-01-2009,2009
80 - 84,1837,3361,5198,29,72,101,1866,3433,5299,CHAMARTIN / TODOS,01-01-2009,2009
85 - 89,1032,2138,3170,20,40,60,1052,2178,3230,CHAMARTIN / TODOS,01-01-2009,2009
90 - 94,335,951,1286,10,23,33,345,974,1319,CHAMARTIN / TODOS,01-01-2009,2009
95 - 99,83,272,355,6,9,15,89,281,370,CHAMARTIN / TODOS,01-01-2009,2009
100 o más,14,46,60,2,3,5,16,49,65,CHAMARTIN / TODOS,01-01-2009,2009
No Consta,1,0,1,0,1,1,1,1,2,CHAMARTIN / TODOS,01-01-2009,2009
Total,55195,67264,122459,16726,18218,34944,71921,85482,157403,TETUAN / TODOS,01-01-2009,2009
0 - 4,2482,2526,5008,876,805,1681,3358,3331,6689,TETUAN / TODOS,01-01-2009,2009
5 - 9,2274,2125,4399,571,523,1094,2845,2648,5493,TETUAN / TODOS,01-01-2009,2009
10 - 14,1999,1823,3822,688,706,1394,2687,2529,5216,TETUAN / TODOS,01-01-2009,2009
15 - 19,2210,2166,4376,820,889,1709,3030,3055,6085,TETUAN / TODOS,01-01-2009,2009
20 - 24,2840,2849,5689,1443,1906,3349,4283,4755,9038,TETUAN / TODOS,01-01-2009,2009
25 - 29,4050,4109,8159,2873,3117,5990,6923,7226,14149,TETUAN / TODOS,01-01-2009,2009
30 - 34,5024,5119,10143,2927,3027,5954,7951,8146,16097,TETUAN / TODOS,01-01-2009,2009
35 - 39,4695,4855,9550,2294,2248,4542,6989,7103,14092,TETUAN / TODOS,01-01-2009,2009
40 - 44,4394,4839,9233,1675,1716,3391,6069,6555,12624,TETUAN / TODOS,01-01-2009,2009
45 - 49,4142,4843,8985,1072,1178,2250,5214,6021,11235,TETUAN / TODOS,01-01-2009,2009
50 - 54,3678,4730,8408,668,851,1519,4346,5581,9927,TETUAN / TODOS,01-01-2009,2009
55 - 59,3203,4138,7341,387,547,934,3590,4685,8275,TETUAN / TODOS,01-01-2009,2009
60 - 64,3028,4017,7045,174,297,471,3202,4314,7516,TETUAN / TODOS,01-01-2009,2009
65 - 69,2589,3539,6128,104,185,289,2693,3724,6417,TETUAN / TODOS,01-01-2009,2009
70 - 74,2555,3894,6449,71,100,171,2626,3994,6620,TETUAN / TODOS,01-01-2009,2009
75 - 79,2599,4430,7029,40,63,103,2639,4493,7132,TETUAN / TODOS,01-01-2009,2009
80 - 84,1991,3707,5698,28,37,65,2019,3744,5763,TETUAN / TODOS,01-01-2009,2009
85 - 89,1023,2298,3321,11,18,29,1034,2316,3350,TETUAN / TODOS,01-01-2009,2009
90 - 94,336,934,1270,3,2,5,339,936,1275,TETUAN / TODOS,01-01-2009,2009
95 - 99,74,282,356,1,2,3,75,284,359,TETUAN / TODOS,01-01-2009,2009
100 o más,9,39,48,0,1,1,9,40,49,TETUAN / TODOS,01-01-2009,2009
No Consta,0,2,2,0,0,0,0,2,2,TETUAN / TODOS,01-01-2009,2009
Total,54233,71142,125375,9265,12045,21310,63498,83187,146685,CHAMBERI / TODOS,01-01-2009,2009
0 - 4,2334,2284,4618,368,345,713,2702,2629,5331,CHAMBERI / TODOS,01-01-2009,2009
5 - 9,2186,2129,4315,268,240,508,2454,2369,4823,CHAMBERI / TODOS,01-01-2009,2009
10 - 14,1992,1974,3966,363,325,688,2355,2299,4654,CHAMBERI / TODOS,01-01-2009,2009
15 - 19,2187,2056,4243,392,401,793,2579,2457,5036,CHAMBERI / TODOS,01-01-2009,2009
20 - 24,2732,2885,5617,750,1056,1806,3482,3941,7423,CHAMBERI / TODOS,01-01-2009,2009
25 - 29,4020,4399,8419,1547,2273,3820,5567,6672,12239,CHAMBERI / TODOS,01-01-2009,2009
30 - 34,4801,5036,9837,1722,2018,3740,6523,7054,13577,CHAMBERI / TODOS,01-01-2009,2009
35 - 39,4220,4553,8773,1335,1455,2790,5555,6008,11563,CHAMBERI / TODOS,01-01-2009,2009
40 - 44,4006,4574,8580,861,1132,1993,4867,5706,10573,CHAMBERI / TODOS,01-01-2009,2009
45 - 49,3895,4702,8597,602,894,1496,4497,5596,10093,CHAMBERI / TODOS,01-01-2009,2009
50 - 54,3725,4945,8670,411,773,1184,4136,5718,9854,CHAMBERI / TODOS,01-01-2009,2009
55 - 59,3646,4860,8506,285,485,770,3931,5345,9276,CHAMBERI / TODOS,01-01-2009,2009
60 - 64,3420,4880,8300,134,261,395,3554,5141,8695,CHAMBERI / TODOS,01-01-2009,2009
65 - 69,2677,4105,6782,79,140,219,2756,4245,7001,CHAMBERI / TODOS,01-01-2009,2009
70 - 74,2438,3960,6398,53,78,131,2491,4038,6529,CHAMBERI / TODOS,01-01-2009,2009
75 - 79,2419,4504,6923,40,67,107,2459,4571,7030,CHAMBERI / TODOS,01-01-2009,2009
80 - 84,1896,4205,6101,26,48,74,1922,4253,6175,CHAMBERI / TODOS,01-01-2009,2009
85 - 89,1049,3055,4104,21,27,48,1070,3082,4152,CHAMBERI / TODOS,01-01-2009,2009
90 - 94,471,1483,1954,3,18,21,474,1501,1975,CHAMBERI / TODOS,01-01-2009,2009
95 - 99,109,476,585,3,6,9,112,482,594,CHAMBERI / TODOS,01-01-2009,2009
100 o más,9,76,85,2,3,5,11,79,90,CHAMBERI / TODOS,01-01-2009,2009
No Consta,1,1,2,0,0,0,1,1,2,CHAMBERI / TODOS,01-01-2009,2009
Total,95592,106600,202192,11329,13313,24642,106921,119913,226834,FUENCARRAL-EL PARDO / TODOS,01-01-2009,2009
0 - 4,5612,5402,11014,586,649,1235,6198,6051,12249,FUENCARRAL-EL PARDO / TODOS,01-01-2009,2009
5 - 9,4763,4553,9316,523,490,1013,5286,5043,10329,FUENCARRAL-EL PARDO / TODOS,01-01-2009,2009
10 - 14,4163,4045,8208,578,505,1083,4741,4550,9291,FUENCARRAL-EL PARDO / TODOS,01-01-2009,2009
15 - 19,4426,4345,8771,619,645,1264,5045,4990,10035,FUENCARRAL-EL PARDO / TODOS,01-01-2009,2009
20 - 24,5420,5254,10674,973,1163,2136,6393,6417,12810,FUENCARRAL-EL PARDO / TODOS,01-01-2009,2009
25 - 29,7008,6781,13789,1688,2268,3956,8696,9049,17745,FUENCARRAL-EL PARDO / TODOS,01-01-2009,2009
30 - 34,8720,8770,17490,1900,2150,4050,10620,10920,21540,FUENCARRAL-EL PARDO / TODOS,01-01-2009,2009
35 - 39,8060,8043,16103,1512,1556,3068,9572,9599,19171,FUENCARRAL-EL PARDO / TODOS,01-01-2009,2009
40 - 44,6890,7361,14251,1078,1226,2304,7968,8587,16555,FUENCARRAL-EL PARDO / TODOS,01-01-2009,2009
45 - 49,6381,7294,13675,774,944,1718,7155,8238,15393,FUENCARRAL-EL PARDO / TODOS,01-01-2009,2009
50 - 54,5938,7325,13263,443,677,1120,6381,8002,14383,FUENCARRAL-EL PARDO / TODOS,01-01-2009,2009
55 - 59,5923,7424,13347,241,409,650,6164,7833,13997,FUENCARRAL-EL PARDO / TODOS,01-01-2009,2009
60 - 64,6499,7784,14283,165,243,408,6664,8027,14691,FUENCARRAL-EL PARDO / TODOS,01-01-2009,2009
65 - 69,5030,5753,10783,110,141,251,5140,5894,11034,FUENCARRAL-EL PARDO / TODOS,01-01-2009,2009
70 - 74,4179,5108,9287,61,107,168,4240,5215,9455,FUENCARRAL-EL PARDO / TODOS,01-01-2009,2009
75 - 79,3257,4463,7720,49,70,119,3306,4533,7839,FUENCARRAL-EL PARDO / TODOS,01-01-2009,2009
80 - 84,1971,3483,5454,19,38,57,1990,3521,5511,FUENCARRAL-EL PARDO / TODOS,01-01-2009,2009
85 - 89,988,2136,3124,6,22,28,994,2158,3152,FUENCARRAL-EL PARDO / TODOS,01-01-2009,2009
90 - 94,279,944,1223,4,5,9,283,949,1232,FUENCARRAL-EL PARDO / TODOS,01-01-2009,2009
95 - 99,78,300,378,0,4,4,78,304,382,FUENCARRAL-EL PARDO / TODOS,01-01-2009,2009
100 o más,5,32,37,0,1,1,5,33,38,FUENCARRAL-EL PARDO / TODOS,01-01-2009,2009
No Consta,2,0,2,0,0,0,2,0,2,FUENCARRAL-EL PARDO / TODOS,01-01-2009,2009
Total,47944,55716,103660,6558,9076,15634,54502,64792,119294,MONCLOA-ARAVACA / TODOS,01-01-2009,2009
0 - 4,2686,2462,5148,278,255,533,2964,2717,5681,MONCLOA-ARAVACA / TODOS,01-01-2009,2009
5 - 9,2760,2684,5444,250,245,495,3010,2929,5939,MONCLOA-ARAVACA / TODOS,01-01-2009,2009
10 - 14,2290,2400,4690,235,292,527,2525,2692,5217,MONCLOA-ARAVACA / TODOS,01-01-2009,2009
15 - 19,2244,2187,4431,254,318,572,2498,2505,5003,MONCLOA-ARAVACA / TODOS,01-01-2009,2009
20 - 24,2554,2514,5068,555,921,1476,3109,3435,6544,MONCLOA-ARAVACA / TODOS,01-01-2009,2009
25 - 29,3137,3103,6240,1083,1603,2686,4220,4706,8926,MONCLOA-ARAVACA / TODOS,01-01-2009,2009
30 - 34,3388,3514,6902,1151,1432,2583,4539,4946,9485,MONCLOA-ARAVACA / TODOS,01-01-2009,2009
35 - 39,3543,3767,7310,813,1152,1965,4356,4919,9275,MONCLOA-ARAVACA / TODOS,01-01-2009,2009
40 - 44,3893,4277,8170,731,920,1651,4624,5197,9821,MONCLOA-ARAVACA / TODOS,01-01-2009,2009
45 - 49,3780,4054,7834,463,653,1116,4243,4707,8950,MONCLOA-ARAVACA / TODOS,01-01-2009,2009
50 - 54,3224,3897,7121,313,546,859,3537,4443,7980,MONCLOA-ARAVACA / TODOS,01-01-2009,2009
55 - 59,3051,3628,6679,175,316,491,3226,3944,7170,MONCLOA-ARAVACA / TODOS,01-01-2009,2009
60 - 64,2940,3552,6492,98,171,269,3038,3723,6761,MONCLOA-ARAVACA / TODOS,01-01-2009,2009
65 - 69,2255,2944,5199,67,97,164,2322,3041,5363,MONCLOA-ARAVACA / TODOS,01-01-2009,2009
70 - 74,2064,2922,4986,33,51,84,2097,2973,5070,MONCLOA-ARAVACA / TODOS,01-01-2009,2009
75 - 79,1879,2874,4753,31,40,71,1910,2914,4824,MONCLOA-ARAVACA / TODOS,01-01-2009,2009
80 - 84,1244,2332,3576,11,24,35,1255,2356,3611,MONCLOA-ARAVACA / TODOS,01-01-2009,2009
85 - 89,663,1575,2238,14,21,35,677,1596,2273,MONCLOA-ARAVACA / TODOS,01-01-2009,2009
90 - 94,278,751,1029,3,13,16,281,764,1045,MONCLOA-ARAVACA / TODOS,01-01-2009,2009
95 - 99,60,237,297,0,4,4,60,241,301,MONCLOA-ARAVACA / TODOS,01-01-2009,2009
100 o más,9,39,48,0,1,1,9,40,49,MONCLOA-ARAVACA / TODOS,01-01-2009,2009
No Consta,2,3,5,0,1,1,2,4,6,MONCLOA-ARAVACA / TODOS,01-01-2009,2009
Total,97817,111012,208829,26010,24339,50349,123827,135351,259178,LATINA / TODOS,01-01-2009,2009
0 - 4,4384,4165,8549,1225,1193,2418,5609,5358,10967,LATINA / TODOS,01-01-2009,2009
5 - 9,4064,3894,7958,863,876,1739,4927,4770,9697,LATINA / TODOS,01-01-2009,2009
10 - 14,3515,3397,6912,1229,1127,2356,4744,4524,9268,LATINA / TODOS,01-01-2009,2009
15 - 19,3939,3873,7812,1406,1237,2643,5345,5110,10455,LATINA / TODOS,01-01-2009,2009
20 - 24,4859,4548,9407,2618,2802,5420,7477,7350,14827,LATINA / TODOS,01-01-2009,2009
25 - 29,6499,6106,12605,4503,4273,8776,11002,10379,21381,LATINA / TODOS,01-01-2009,2009
30 - 34,7876,7498,15374,4507,3803,8310,12383,11301,23684,LATINA / TODOS,01-01-2009,2009
35 - 39,7907,7954,15861,3546,2831,6377,11453,10785,22238,LATINA / TODOS,01-01-2009,2009
40 - 44,7644,7874,15518,2476,2146,4622,10120,10020,20140,LATINA / TODOS,01-01-2009,2009
45 - 49,6757,7372,14129,1618,1618,3236,8375,8990,17365,LATINA / TODOS,01-01-2009,2009
50 - 54,5895,6676,12571,1073,1078,2151,6968,7754,14722,LATINA / TODOS,01-01-2009,2009
55 - 59,5105,6307,11412,483,646,1129,5588,6953,12541,LATINA / TODOS,01-01-2009,2009
60 - 64,5985,8622,14607,230,324,554,6215,8946,15161,LATINA / TODOS,01-01-2009,2009
65 - 69,6724,8522,15246,103,170,273,6827,8692,15519,LATINA / TODOS,01-01-2009,2009
70 - 74,6398,7628,14026,53,109,162,6451,7737,14188,LATINA / TODOS,01-01-2009,2009
75 - 79,5082,6933,12015,49,54,103,5131,6987,12118,LATINA / TODOS,01-01-2009,2009
80 - 84,3154,5104,8258,21,24,45,3175,5128,8303,LATINA / TODOS,01-01-2009,2009
85 - 89,1465,2916,4381,5,21,26,1470,2937,4407,LATINA / TODOS,01-01-2009,2009
90 - 94,436,1227,1663,1,6,7,437,1233,1670,LATINA / TODOS,01-01-2009,2009
95 - 99,113,337,450,1,0,1,114,337,451,LATINA / TODOS,01-01-2009,2009
100 o más,16,58,74,0,1,1,16,59,75,LATINA / TODOS,01-01-2009,2009
No Consta,0,1,1,0,0,0,0,1,1,LATINA / TODOS,01-01-2009,2009
Total,91713,105211,196924,31790,29396,61186,123503,134607,258110,CARABANCHEL / TODOS,01-01-2009,2009
0 - 4,5387,5185,10572,1593,1446,3039,6980,6631,13611,CARABANCHEL / TODOS,01-01-2009,2009
5 - 9,4346,4161,8507,1166,1070,2236,5512,5231,10743,CARABANCHEL / TODOS,01-01-2009,2009
10 - 14,3489,3416,6905,1548,1512,3060,5037,4928,9965,CARABANCHEL / TODOS,01-01-2009,2009
15 - 19,3885,3695,7580,1678,1636,3314,5563,5331,10894,CARABANCHEL / TODOS,01-01-2009,2009
20 - 24,4345,4242,8587,3162,3249,6411,7507,7491,14998,CARABANCHEL / TODOS,01-01-2009,2009
25 - 29,5578,5553,11131,5391,5096,10487,10969,10649,21618,CARABANCHEL / TODOS,01-01-2009,2009
30 - 34,7905,8151,16056,5604,4647,10251,13509,12798,26307,CARABANCHEL / TODOS,01-01-2009,2009
35 - 39,8476,8337,16813,4301,3461,7762,12777,11798,24575,CARABANCHEL / TODOS,01-01-2009,2009
40 - 44,7530,7864,15394,3060,2600,5660,10590,10464,21054,CARABANCHEL / TODOS,01-01-2009,2009
45 - 49,6702,7240,13942,1997,1902,3899,8699,9142,17841,CARABANCHEL / TODOS,01-01-2009,2009
50 - 54,5482,6099,11581,1218,1275,2493,6700,7374,14074,CARABANCHEL / TODOS,01-01-2009,2009
55 - 59,4764,5827,10591,599,687,1286,5363,6514,11877,CARABANCHEL / TODOS,01-01-2009,2009
60 - 64,5110,6429,11539,214,351,565,5324,6780,12104,CARABANCHEL / TODOS,01-01-2009,2009
65 - 69,4569,6050,10619,113,178,291,4682,6228,10910,CARABANCHEL / TODOS,01-01-2009,2009
70 - 74,4889,6687,11576,71,146,217,4960,6833,11793,CARABANCHEL / TODOS,01-01-2009,2009
75 - 79,4509,6753,11262,43,69,112,4552,6822,11374,CARABANCHEL / TODOS,01-01-2009,2009
80 - 84,2834,5059,7893,19,43,62,2853,5102,7955,CARABANCHEL / TODOS,01-01-2009,2009
85 - 89,1391,2945,4336,8,16,24,1399,2961,4360,CARABANCHEL / TODOS,01-01-2009,2009
90 - 94,405,1157,1562,5,7,12,410,1164,1574,CARABANCHEL / TODOS,01-01-2009,2009
95 - 99,101,314,415,0,4,4,101,318,419,CARABANCHEL / TODOS,01-01-2009,2009
100 o más,14,47,61,0,1,1,14,48,62,CARABANCHEL / TODOS,01-01-2009,2009
No Consta,2,0,2,0,0,0,2,0,2,CARABANCHEL / TODOS,01-01-2009,2009
Total,50490,56855,107345,18153,16458,34611,68643,73313,141956,USERA / TODOS,01-01-2009,2009
0 - 4,3278,3131,6409,969,851,1820,4247,3982,8229,USERA / TODOS,01-01-2009,2009
5 - 9,2757,2547,5304,664,587,1251,3421,3134,6555,USERA / TODOS,01-01-2009,2009
10 - 14,2180,2066,4246,862,873,1735,3042,2939,5981,USERA / TODOS,01-01-2009,2009
15 - 19,2314,2254,4568,1013,967,1980,3327,3221,6548,USERA / TODOS,01-01-2009,2009
20 - 24,2553,2477,5030,1767,1871,3638,4320,4348,8668,USERA / TODOS,01-01-2009,2009
25 - 29,2882,2869,5751,2950,2772,5722,5832,5641,11473,USERA / TODOS,01-01-2009,2009
30 - 34,4112,4365,8477,3047,2545,5592,7159,6910,14069,USERA / TODOS,01-01-2009,2009
35 - 39,4579,4442,9021,2601,2055,4656,7180,6497,13677,USERA / TODOS,01-01-2009,2009
40 - 44,4239,4312,8551,1949,1500,3449,6188,5812,12000,USERA / TODOS,01-01-2009,2009
45 - 49,3804,4075,7879,1139,1000,2139,4943,5075,10018,USERA / TODOS,01-01-2009,2009
50 - 54,3159,3376,6535,649,625,1274,3808,4001,7809,USERA / TODOS,01-01-2009,2009
55 - 59,2546,2840,5386,286,331,617,2832,3171,6003,USERA / TODOS,01-01-2009,2009
60 - 64,2433,2968,5401,118,198,316,2551,3166,5717,USERA / TODOS,01-01-2009,2009
65 - 69,2029,2720,4749,69,120,189,2098,2840,4938,USERA / TODOS,01-01-2009,2009
70 - 74,2464,3532,5996,39,87,126,2503,3619,6122,USERA / TODOS,01-01-2009,2009
75 - 79,2563,3863,6426,15,43,58,2578,3906,6484,USERA / TODOS,01-01-2009,2009
80 - 84,1629,2711,4340,11,18,29,1640,2729,4369,USERA / TODOS,01-01-2009,2009
85 - 89,724,1585,2309,4,10,14,728,1595,2323,USERA / TODOS,01-01-2009,2009
90 - 94,194,566,760,1,4,5,195,570,765,USERA / TODOS,01-01-2009,2009
95 - 99,45,134,179,0,0,0,45,134,179,USERA / TODOS,01-01-2009,2009
100 o más,6,22,28,0,1,1,6,23,29,USERA / TODOS,01-01-2009,2009
Total,93358,103305,196663,25927,23678,49605,119285,126983,246268,PUENTE DE VALLECAS / TODOS,01-01-2009,2009
0 - 4,4993,4646,9639,1300,1251,2551,6293,5897,12190,PUENTE DE VALLECAS / TODOS,01-01-2009,2009
5 - 9,4744,4539,9283,990,939,1929,5734,5478,11212,PUENTE DE VALLECAS / TODOS,01-01-2009,2009
10 - 14,4352,4071,8423,1328,1278,2606,5680,5349,11029,PUENTE DE VALLECAS / TODOS,01-01-2009,2009
15 - 19,5103,4651,9754,1327,1399,2726,6430,6050,12480,PUENTE DE VALLECAS / TODOS,01-01-2009,2009
20 - 24,5380,5160,10540,2538,2622,5160,7918,7782,15700,PUENTE DE VALLECAS / TODOS,01-01-2009,2009
25 - 29,6073,5877,11950,4478,4040,8518,10551,9917,20468,PUENTE DE VALLECAS / TODOS,01-01-2009,2009
30 - 34,7068,6878,13946,4631,3779,8410,11699,10657,22356,PUENTE DE VALLECAS / TODOS,01-01-2009,2009
35 - 39,7065,7090,14155,3540,2853,6393,10605,9943,20548,PUENTE DE VALLECAS / TODOS,01-01-2009,2009
40 - 44,8128,8628,16756,2506,2089,4595,10634,10717,21351,PUENTE DE VALLECAS / TODOS,01-01-2009,2009
45 - 49,7848,8456,16304,1634,1410,3044,9482,9866,19348,PUENTE DE VALLECAS / TODOS,01-01-2009,2009
50 - 54,6471,6702,13173,880,897,1777,7351,7599,14950,PUENTE DE VALLECAS / TODOS,01-01-2009,2009
55 - 59,4845,5208,10053,407,519,926,5252,5727,10979,PUENTE DE VALLECAS / TODOS,01-01-2009,2009
60 - 64,4489,5341,9830,175,265,440,4664,5606,10270,PUENTE DE VALLECAS / TODOS,01-01-2009,2009
65 - 69,3768,4958,8726,93,142,235,3861,5100,8961,PUENTE DE VALLECAS / TODOS,01-01-2009,2009
70 - 74,4332,6173,10505,51,98,149,4383,6271,10654,PUENTE DE VALLECAS / TODOS,01-01-2009,2009
75 - 79,4512,6572,11084,26,54,80,4538,6626,11164,PUENTE DE VALLECAS / TODOS,01-01-2009,2009
80 - 84,2667,4742,7409,16,23,39,2683,4765,7448,PUENTE DE VALLECAS / TODOS,01-01-2009,2009
85 - 89,1184,2527,3711,5,11,16,1189,2538,3727,PUENTE DE VALLECAS / TODOS,01-01-2009,2009
90 - 94,265,836,1101,1,7,8,266,843,1109,PUENTE DE VALLECAS / TODOS,01-01-2009,2009
95 - 99,65,212,277,1,1,2,66,213,279,PUENTE DE VALLECAS / TODOS,01-01-2009,2009
100 o más,5,38,43,0,1,1,5,39,44,PUENTE DE VALLECAS / TODOS,01-01-2009,2009
No Consta,1,0,1,0,0,0,1,0,1,PUENTE DE VALLECAS / TODOS,01-01-2009,2009
Total,43153,49283,92436,5754,5919,11673,48907,55202,104109,MORATALAZ / TODOS,01-01-2009,2009
0 - 4,1993,1919,3912,232,244,476,2225,2163,4388,MORATALAZ / TODOS,01-01-2009,2009
5 - 9,2073,2035,4108,189,192,381,2262,2227,4489,MORATALAZ / TODOS,01-01-2009,2009
10 - 14,2109,1967,4076,290,265,555,2399,2232,4631,MORATALAZ / TODOS,01-01-2009,2009
15 - 19,2137,2014,4151,345,322,667,2482,2336,4818,MORATALAZ / TODOS,01-01-2009,2009
20 - 24,2198,2116,4314,674,667,1341,2872,2783,5655,MORATALAZ / TODOS,01-01-2009,2009
25 - 29,2556,2479,5035,1007,1029,2036,3563,3508,7071,MORATALAZ / TODOS,01-01-2009,2009
30 - 34,2975,2922,5897,989,920,1909,3964,3842,7806,MORATALAZ / TODOS,01-01-2009,2009
35 - 39,3335,3557,6892,768,699,1467,4103,4256,8359,MORATALAZ / TODOS,01-01-2009,2009
40 - 44,3662,3995,7657,521,529,1050,4183,4524,8707,MORATALAZ / TODOS,01-01-2009,2009
45 - 49,3501,3687,7188,273,383,656,3774,4070,7844,MORATALAZ / TODOS,01-01-2009,2009
50 - 54,2651,3070,5721,208,264,472,2859,3334,6193,MORATALAZ / TODOS,01-01-2009,2009
55 - 59,2285,2748,5033,102,153,255,2387,2901,5288,MORATALAZ / TODOS,01-01-2009,2009
60 - 64,2348,3164,5512,49,81,130,2397,3245,5642,MORATALAZ / TODOS,01-01-2009,2009
65 - 69,2416,3267,5683,38,80,118,2454,3347,5801,MORATALAZ / TODOS,01-01-2009,2009
70 - 74,2702,3629,6331,34,43,77,2736,3672,6408,MORATALAZ / TODOS,01-01-2009,2009
75 - 79,2301,3096,5397,19,28,47,2320,3124,5444,MORATALAZ / TODOS,01-01-2009,2009
80 - 84,1239,2000,3239,10,12,22,1249,2012,3261,MORATALAZ / TODOS,01-01-2009,2009
85 - 89,475,1022,1497,5,5,10,480,1027,1507,MORATALAZ / TODOS,01-01-2009,2009
90 - 94,156,437,593,1,3,4,157,440,597,MORATALAZ / TODOS,01-01-2009,2009
95 - 99,38,138,176,0,0,0,38,138,176,MORATALAZ / TODOS,01-01-2009,2009
100 o más,3,20,23,0,0,0,3,20,23,MORATALAZ / TODOS,01-01-2009,2009
No Consta,0,1,1,0,0,0,0,1,1,MORATALAZ / TODOS,01-01-2009,2009
Total,86058,102273,188331,20210,21713,41923,106268,123986,230254,CIUDAD LINEAL / TODOS,01-01-2009,2009
0 - 4,4249,4057,8306,888,840,1728,5137,4897,10034,CIUDAD LINEAL / TODOS,01-01-2009,2009
5 - 9,4219,4017,8236,719,723,1442,4938,4740,9678,CIUDAD LINEAL / TODOS,01-01-2009,2009
10 - 14,3707,3449,7156,1037,978,2015,4744,4427,9171,CIUDAD LINEAL / TODOS,01-01-2009,2009
15 - 19,3991,3830,7821,1133,1093,2226,5124,4923,10047,CIUDAD LINEAL / TODOS,01-01-2009,2009
20 - 24,4337,4309,8646,1820,2223,4043,6157,6532,12689,CIUDAD LINEAL / TODOS,01-01-2009,2009
25 - 29,5256,5204,10460,3243,3593,6836,8499,8797,17296,CIUDAD LINEAL / TODOS,01-01-2009,2009
30 - 34,6446,6309,12755,3495,3567,7062,9941,9876,19817,CIUDAD LINEAL / TODOS,01-01-2009,2009
35 - 39,6560,6962,13522,2741,2596,5337,9301,9558,18859,CIUDAD LINEAL / TODOS,01-01-2009,2009
40 - 44,6875,7882,14757,1992,2022,4014,8867,9904,18771,CIUDAD LINEAL / TODOS,01-01-2009,2009
45 - 49,6568,7684,14252,1340,1579,2919,7908,9263,17171,CIUDAD LINEAL / TODOS,01-01-2009,2009
50 - 54,5749,6915,12664,797,1079,1876,6546,7994,14540,CIUDAD LINEAL / TODOS,01-01-2009,2009
55 - 59,4791,6135,10926,469,606,1075,5260,6741,12001,CIUDAD LINEAL / TODOS,01-01-2009,2009
60 - 64,5004,6558,11562,237,318,555,5241,6876,12117,CIUDAD LINEAL / TODOS,01-01-2009,2009
65 - 69,4326,6059,10385,117,200,317,4443,6259,10702,CIUDAD LINEAL / TODOS,01-01-2009,2009
70 - 74,4614,6778,11392,81,122,203,4695,6900,11595,CIUDAD LINEAL / TODOS,01-01-2009,2009
75 - 79,4608,6826,11434,50,78,128,4658,6904,11562,CIUDAD LINEAL / TODOS,01-01-2009,2009
80 - 84,2968,4927,7895,32,47,79,3000,4974,7974,CIUDAD LINEAL / TODOS,01-01-2009,2009
85 - 89,1290,2856,4146,13,33,46,1303,2889,4192,CIUDAD LINEAL / TODOS,01-01-2009,2009
90 - 94,408,1156,1564,4,10,14,412,1166,1578,CIUDAD LINEAL / TODOS,01-01-2009,2009
95 - 99,84,313,397,2,5,7,86,318,404,CIUDAD LINEAL / TODOS,01-01-2009,2009
100 o más,6,45,51,0,1,1,6,46,52,CIUDAD LINEAL / TODOS,01-01-2009,2009
No Consta,2,2,4,0,0,0,2,2,4,CIUDAD LINEAL / TODOS,01-01-2009,2009
Total,72185,78697,150882,10383,11722,22105,82568,90419,172987,HORTALEZA / TODOS,01-01-2009,2009
0 - 4,4423,4205,8628,505,467,972,4928,4672,9600,HORTALEZA / TODOS,01-01-2009,2009
5 - 9,4021,3868,7889,557,539,1096,4578,4407,8985,HORTALEZA / TODOS,01-01-2009,2009
10 - 14,3564,3311,6875,633,580,1213,4197,3891,8088,HORTALEZA / TODOS,01-01-2009,2009
15 - 19,3655,3552,7207,574,603,1177,4229,4155,8384,HORTALEZA / TODOS,01-01-2009,2009
20 - 24,3833,3620,7453,803,1067,1870,4636,4687,9323,HORTALEZA / TODOS,01-01-2009,2009
25 - 29,4573,4491,9064,1408,1748,3156,5981,6239,12220,HORTALEZA / TODOS,01-01-2009,2009
30 - 34,6295,6344,12639,1543,1750,3293,7838,8094,15932,HORTALEZA / TODOS,01-01-2009,2009
35 - 39,6156,6485,12641,1362,1473,2835,7518,7958,15476,HORTALEZA / TODOS,01-01-2009,2009
40 - 44,5887,6332,12219,1071,1142,2213,6958,7474,14432,HORTALEZA / TODOS,01-01-2009,2009
45 - 49,5662,6089,11751,780,825,1605,6442,6914,13356,HORTALEZA / TODOS,01-01-2009,2009
50 - 54,4609,5096,9705,493,581,1074,5102,5677,10779,HORTALEZA / TODOS,01-01-2009,2009
55 - 59,3941,4759,8700,272,385,657,4213,5144,9357,HORTALEZA / TODOS,01-01-2009,2009
60 - 64,4327,5220,9547,143,219,362,4470,5439,9909,HORTALEZA / TODOS,01-01-2009,2009
65 - 69,3710,4056,7766,103,148,251,3813,4204,8017,HORTALEZA / TODOS,01-01-2009,2009
70 - 74,2906,3666,6572,63,78,141,2969,3744,6713,HORTALEZA / TODOS,01-01-2009,2009
75 - 79,2483,3262,5745,40,56,96,2523,3318,5841,HORTALEZA / TODOS,01-01-2009,2009
80 - 84,1351,2228,3579,25,30,55,1376,2258,3634,HORTALEZA / TODOS,01-01-2009,2009
85 - 89,564,1335,1899,7,19,26,571,1354,1925,HORTALEZA / TODOS,01-01-2009,2009
90 - 94,178,594,772,1,5,6,179,599,778,HORTALEZA / TODOS,01-01-2009,2009
95 - 99,46,157,203,0,6,6,46,163,209,HORTALEZA / TODOS,01-01-2009,2009
100 o más,1,27,28,0,1,1,1,28,29,HORTALEZA / TODOS,01-01-2009,2009
Total,54835,59196,114031,19451,16959,36410,74286,76155,150441,VILLAVERDE / TODOS,01-01-2009,2009
0 - 4,3714,3362,7076,1010,1036,2046,4724,4398,9122,VILLAVERDE / TODOS,01-01-2009,2009
5 - 9,2913,2857,5770,752,722,1474,3665,3579,7244,VILLAVERDE / TODOS,01-01-2009,2009
10 - 14,2387,2263,4650,1035,985,2020,3422,3248,6670,VILLAVERDE / TODOS,01-01-2009,2009
15 - 19,2526,2473,4999,1110,1098,2208,3636,3571,7207,VILLAVERDE / TODOS,01-01-2009,2009
20 - 24,2775,2695,5470,1851,1855,3706,4626,4550,9176,VILLAVERDE / TODOS,01-01-2009,2009
25 - 29,3231,3123,6354,3216,2771,5987,6447,5894,12341,VILLAVERDE / TODOS,01-01-2009,2009
30 - 34,4516,4676,9192,3306,2567,5873,7822,7243,15065,VILLAVERDE / TODOS,01-01-2009,2009
35 - 39,4825,4772,9597,2684,1996,4680,7509,6768,14277,VILLAVERDE / TODOS,01-01-2009,2009
40 - 44,5001,4977,9978,1898,1455,3353,6899,6432,13331,VILLAVERDE / TODOS,01-01-2009,2009
45 - 49,4293,4252,8545,1272,1015,2287,5565,5267,10832,VILLAVERDE / TODOS,01-01-2009,2009
50 - 54,3112,3211,6323,730,589,1319,3842,3800,7642,VILLAVERDE / TODOS,01-01-2009,2009
55 - 59,2526,2848,5374,321,391,712,2847,3239,6086,VILLAVERDE / TODOS,01-01-2009,2009
60 - 64,2779,3340,6119,118,199,317,2897,3539,6436,VILLAVERDE / TODOS,01-01-2009,2009
65 - 69,2518,3248,5766,69,126,195,2587,3374,5961,VILLAVERDE / TODOS,01-01-2009,2009
70 - 74,2994,3882,6876,44,78,122,3038,3960,6998,VILLAVERDE / TODOS,01-01-2009,2009
75 - 79,2613,3437,6050,22,49,71,2635,3486,6121,VILLAVERDE / TODOS,01-01-2009,2009
80 - 84,1376,2204,3580,11,21,32,1387,2225,3612,VILLAVERDE / TODOS,01-01-2009,2009
85 - 89,561,1069,1630,2,5,7,563,1074,1637,VILLAVERDE / TODOS,01-01-2009,2009
90 - 94,143,373,516,0,1,1,143,374,517,VILLAVERDE / TODOS,01-01-2009,2009
95 - 99,28,119,147,0,0,0,28,119,147,VILLAVERDE / TODOS,01-01-2009,2009
100 o más,4,15,19,0,0,0,4,15,19,VILLAVERDE / TODOS,01-01-2009,2009
Total,32609,34521,67130,7190,6675,13865,39799,41196,80995,VILLA DE VALLECAS / TODOS,01-01-2009,2009
0 - 4,2135,1904,4039,449,421,870,2584,2325,4909,VILLA DE VALLECAS / TODOS,01-01-2009,2009
5 - 9,1865,1723,3588,373,363,736,2238,2086,4324,VILLA DE VALLECAS / TODOS,01-01-2009,2009
10 - 14,1638,1508,3146,352,372,724,1990,1880,3870,VILLA DE VALLECAS / TODOS,01-01-2009,2009
15 - 19,1829,1673,3502,390,380,770,2219,2053,4272,VILLA DE VALLECAS / TODOS,01-01-2009,2009
20 - 24,1888,1861,3749,789,782,1571,2677,2643,5320,VILLA DE VALLECAS / TODOS,01-01-2009,2009
25 - 29,2410,2621,5031,1160,1026,2186,3570,3647,7217,VILLA DE VALLECAS / TODOS,01-01-2009,2009
30 - 34,3516,3606,7122,1197,993,2190,4713,4599,9312,VILLA DE VALLECAS / TODOS,01-01-2009,2009
35 - 39,2942,2950,5892,881,745,1626,3823,3695,7518,VILLA DE VALLECAS / TODOS,01-01-2009,2009
40 - 44,2631,2703,5334,660,580,1240,3291,3283,6574,VILLA DE VALLECAS / TODOS,01-01-2009,2009
45 - 49,2506,2718,5224,412,433,845,2918,3151,6069,VILLA DE VALLECAS / TODOS,01-01-2009,2009
50 - 54,2084,2181,4265,293,271,564,2377,2452,4829,VILLA DE VALLECAS / TODOS,01-01-2009,2009
55 - 59,1739,1928,3667,131,123,254,1870,2051,3921,VILLA DE VALLECAS / TODOS,01-01-2009,2009
60 - 64,1611,1718,3329,48,67,115,1659,1785,3444,VILLA DE VALLECAS / TODOS,01-01-2009,2009
65 - 69,1150,1279,2429,30,47,77,1180,1326,2506,VILLA DE VALLECAS / TODOS,01-01-2009,2009
70 - 74,1047,1407,2454,8,29,37,1055,1436,2491,VILLA DE VALLECAS / TODOS,01-01-2009,2009
75 - 79,854,1203,2057,9,19,28,863,1222,2085,VILLA DE VALLECAS / TODOS,01-01-2009,2009
80 - 84,487,830,1317,7,18,25,494,848,1342,VILLA DE VALLECAS / TODOS,01-01-2009,2009
85 - 89,211,467,678,1,3,4,212,470,682,VILLA DE VALLECAS / TODOS,01-01-2009,2009
90 - 94,57,186,243,0,1,1,57,187,244,VILLA DE VALLECAS / TODOS,01-01-2009,2009
95 - 99,8,49,57,0,2,2,8,51,59,VILLA DE VALLECAS / TODOS,01-01-2009,2009
100 o más,1,6,7,0,0,0,1,6,7,VILLA DE VALLECAS / TODOS,01-01-2009,2009
Total,28794,29743,58537,6080,5662,11742,34874,35405,70279,VICALVARO / TODOS,01-01-2009,2009
0 - 4,2328,2252,4580,351,340,691,2679,2592,5271,VICALVARO / TODOS,01-01-2009,2009
5 - 9,1816,1784,3600,260,215,475,2076,1999,4075,VICALVARO / TODOS,01-01-2009,2009
10 - 14,1469,1423,2892,284,266,550,1753,1689,3442,VICALVARO / TODOS,01-01-2009,2009
15 - 19,1318,1219,2537,334,321,655,1652,1540,3192,VICALVARO / TODOS,01-01-2009,2009
20 - 24,1263,1146,2409,616,655,1271,1879,1801,3680,VICALVARO / TODOS,01-01-2009,2009
25 - 29,1496,1460,2956,987,1005,1992,2483,2465,4948,VICALVARO / TODOS,01-01-2009,2009
30 - 34,2709,2934,5643,1091,844,1935,3800,3778,7578,VICALVARO / TODOS,01-01-2009,2009
35 - 39,3463,3335,6798,804,620,1424,4267,3955,8222,VICALVARO / TODOS,01-01-2009,2009
40 - 44,3071,2975,6046,565,494,1059,3636,3469,7105,VICALVARO / TODOS,01-01-2009,2009
45 - 49,2349,2241,4590,358,343,701,2707,2584,5291,VICALVARO / TODOS,01-01-2009,2009
50 - 54,1470,1534,3004,219,263,482,1689,1797,3486,VICALVARO / TODOS,01-01-2009,2009
55 - 59,1072,1189,2261,105,115,220,1177,1304,2481,VICALVARO / TODOS,01-01-2009,2009
60 - 64,1080,1385,2465,53,76,129,1133,1461,2594,VICALVARO / TODOS,01-01-2009,2009
65 - 69,1226,1424,2650,16,45,61,1242,1469,2711,VICALVARO / TODOS,01-01-2009,2009
70 - 74,1196,1340,2536,20,30,50,1216,1370,2586,VICALVARO / TODOS,01-01-2009,2009
75 - 79,837,967,1804,8,18,26,845,985,1830,VICALVARO / TODOS,01-01-2009,2009
80 - 84,405,641,1046,8,5,13,413,646,1059,VICALVARO / TODOS,01-01-2009,2009
85 - 89,168,323,491,0,5,5,168,328,496,VICALVARO / TODOS,01-01-2009,2009
90 - 94,43,143,186,1,1,2,44,144,188,VICALVARO / TODOS,01-01-2009,2009
95 - 99,14,25,39,0,1,1,14,26,40,VICALVARO / TODOS,01-01-2009,2009
100 o más,0,3,3,0,0,0,0,3,3,VICALVARO / TODOS,01-01-2009,2009
No Consta,1,0,1,0,0,0,1,0,1,VICALVARO / TODOS,01-01-2009,2009
Total,64405,70530,134935,11717,11356,23073,76122,81886,158008,SAN BLAS-CANILLEJAS / TODOS,01-01-2009,2009
0 - 4,4202,3965,8167,427,496,923,4629,4461,9090,SAN BLAS-CANILLEJAS / TODOS,01-01-2009,2009
5 - 9,4001,3716,7717,448,436,884,4449,4152,8601,SAN BLAS-CANILLEJAS / TODOS,01-01-2009,2009
10 - 14,2960,2833,5793,639,595,1234,3599,3428,7027,SAN BLAS-CANILLEJAS / TODOS,01-01-2009,2009
15 - 19,3017,2915,5932,585,687,1272,3602,3602,7204,SAN BLAS-CANILLEJAS / TODOS,01-01-2009,2009
20 - 24,3134,2944,6078,1139,1186,2325,4273,4130,8403,SAN BLAS-CANILLEJAS / TODOS,01-01-2009,2009
25 - 29,3551,3376,6927,1993,1891,3884,5544,5267,10811,SAN BLAS-CANILLEJAS / TODOS,01-01-2009,2009
30 - 34,4721,4874,9595,1945,1841,3786,6666,6715,13381,SAN BLAS-CANILLEJAS / TODOS,01-01-2009,2009
35 - 39,6041,6282,12323,1639,1350,2989,7680,7632,15312,SAN BLAS-CANILLEJAS / TODOS,01-01-2009,2009
40 - 44,6502,6664,13166,1169,976,2145,7671,7640,15311,SAN BLAS-CANILLEJAS / TODOS,01-01-2009,2009
45 - 49,5721,5710,11431,776,784,1560,6497,6494,12991,SAN BLAS-CANILLEJAS / TODOS,01-01-2009,2009
50 - 54,4182,4307,8489,448,463,911,4630,4770,9400,SAN BLAS-CANILLEJAS / TODOS,01-01-2009,2009
55 - 59,3083,3443,6526,274,310,584,3357,3753,7110,SAN BLAS-CANILLEJAS / TODOS,01-01-2009,2009
60 - 64,2859,3241,6100,133,160,293,2992,3401,6393,SAN BLAS-CANILLEJAS / TODOS,01-01-2009,2009
65 - 69,2289,2939,5228,42,80,122,2331,3019,5350,SAN BLAS-CANILLEJAS / TODOS,01-01-2009,2009
70 - 74,2677,4001,6678,31,53,84,2708,4054,6762,SAN BLAS-CANILLEJAS / TODOS,01-01-2009,2009
75 - 79,2841,4136,6977,17,35,52,2858,4171,7029,SAN BLAS-CANILLEJAS / TODOS,01-01-2009,2009
80 - 84,1732,3026,4758,9,7,16,1741,3033,4774,SAN BLAS-CANILLEJAS / TODOS,01-01-2009,2009
85 - 89,688,1541,2229,2,4,6,690,1545,2235,SAN BLAS-CANILLEJAS / TODOS,01-01-2009,2009
90 - 94,156,450,606,1,2,3,157,452,609,SAN BLAS-CANILLEJAS / TODOS,01-01-2009,2009
95 - 99,45,142,187,0,0,0,45,142,187,SAN BLAS-CANILLEJAS / TODOS,01-01-2009,2009
100 o más,3,24,27,0,0,0,3,24,27,SAN BLAS-CANILLEJAS / TODOS,01-01-2009,2009
No Consta,0,1,1,0,0,0,0,1,1,SAN BLAS-CANILLEJAS / TODOS,01-01-2009,2009
Total,19350,19954,39304,2812,3062,5874,22162,23016,45178,BARAJAS / TODOS,01-01-2009,2009
0 - 4,1349,1228,2577,147,123,270,1496,1351,2847,BARAJAS / TODOS,01-01-2009,2009
5 - 9,1172,1109,2281,137,95,232,1309,1204,2513,BARAJAS / TODOS,01-01-2009,2009
10 - 14,939,811,1750,124,122,246,1063,933,1996,BARAJAS / TODOS,01-01-2009,2009
15 - 19,837,806,1643,142,137,279,979,943,1922,BARAJAS / TODOS,01-01-2009,2009
20 - 24,1008,957,1965,215,311,526,1223,1268,2491,BARAJAS / TODOS,01-01-2009,2009
25 - 29,1379,1230,2609,368,484,852,1747,1714,3461,BARAJAS / TODOS,01-01-2009,2009
30 - 34,1735,1690,3425,450,527,977,2185,2217,4402,BARAJAS / TODOS,01-01-2009,2009
35 - 39,1834,1926,3760,408,380,788,2242,2306,4548,BARAJAS / TODOS,01-01-2009,2009
40 - 44,1661,1688,3349,318,305,623,1979,1993,3972,BARAJAS / TODOS,01-01-2009,2009
45 - 49,1421,1478,2899,211,242,453,1632,1720,3352,BARAJAS / TODOS,01-01-2009,2009
50 - 54,1199,1209,2408,123,122,245,1322,1331,2653,BARAJAS / TODOS,01-01-2009,2009
55 - 59,1104,1395,2499,78,97,175,1182,1492,2674,BARAJAS / TODOS,01-01-2009,2009
60 - 64,1223,1409,2632,44,48,92,1267,1457,2724,BARAJAS / TODOS,01-01-2009,2009
65 - 69,919,958,1877,22,30,52,941,988,1929,BARAJAS / TODOS,01-01-2009,2009
70 - 74,665,651,1316,14,13,27,679,664,1343,BARAJAS / TODOS,01-01-2009,2009
75 - 79,434,553,987,5,11,16,439,564,1003,BARAJAS / TODOS,01-01-2009,2009
80 - 84,253,423,676,2,11,13,255,434,689,BARAJAS / TODOS,01-01-2009,2009
85 - 89,157,287,444,3,4,7,160,291,451,BARAJAS / TODOS,01-01-2009,2009
90 - 94,50,111,161,1,0,1,51,111,162,BARAJAS / TODOS,01-01-2009,2009
95 - 99,8,26,34,0,0,0,8,26,34,BARAJAS / TODOS,01-01-2009,2009
100 o más,3,9,12,0,0,0,3,9,12,BARAJAS / TODOS,01-01-2009,2009
Total,49518,55497,105015,22239,17507,39746,71757,73004,144761,CENTRO / TODOS,01-01-2010,2010
0 - 4,1877,1819,3696,744,696,1440,2621,2515,5136,CENTRO / TODOS,01-01-2010,2010
5 - 9,1530,1480,3010,451,443,894,1981,1923,3904,CENTRO / TODOS,01-01-2010,2010
10 - 14,1291,1273,2564,547,487,1034,1838,1760,3598,CENTRO / TODOS,01-01-2010,2010
15 - 19,1397,1308,2705,769,548,1317,2166,1856,4022,CENTRO / TODOS,01-01-2010,2010
20 - 24,1822,1785,3607,1646,1387,3033,3468,3172,6640,CENTRO / TODOS,01-01-2010,2010
25 - 29,3478,3676,7154,4024,3403,7427,7502,7079,14581,CENTRO / TODOS,01-01-2010,2010
30 - 34,5657,5393,11050,4729,3292,8021,10386,8685,19071,CENTRO / TODOS,01-01-2010,2010
35 - 39,5774,5083,10857,3504,2347,5851,9278,7430,16708,CENTRO / TODOS,01-01-2010,2010
40 - 44,5048,4352,9400,2444,1595,4039,7492,5947,13439,CENTRO / TODOS,01-01-2010,2010
45 - 49,4420,4168,8588,1470,1196,2666,5890,5364,11254,CENTRO / TODOS,01-01-2010,2010
50 - 54,3760,3957,7717,853,839,1692,4613,4796,9409,CENTRO / TODOS,01-01-2010,2010
55 - 59,2951,3376,6327,479,519,998,3430,3895,7325,CENTRO / TODOS,01-01-2010,2010
60 - 64,2701,3100,5801,264,282,546,2965,3382,6347,CENTRO / TODOS,01-01-2010,2010
65 - 69,2177,2757,4934,146,197,343,2323,2954,5277,CENTRO / TODOS,01-01-2010,2010
70 - 74,1588,2508,4096,80,118,198,1668,2626,4294,CENTRO / TODOS,01-01-2010,2010
75 - 79,1722,3074,4796,55,78,133,1777,3152,4929,CENTRO / TODOS,01-01-2010,2010
80 - 84,1318,2899,4217,25,43,68,1343,2942,4285,CENTRO / TODOS,01-01-2010,2010
85 - 89,728,2112,2840,7,21,28,735,2133,2868,CENTRO / TODOS,01-01-2010,2010
90 - 94,216,1019,1235,2,13,15,218,1032,1250,CENTRO / TODOS,01-01-2010,2010
95 - 99,55,308,363,0,3,3,55,311,366,CENTRO / TODOS,01-01-2010,2010
100 o más,8,49,57,0,0,0,8,49,57,CENTRO / TODOS,01-01-2010,2010
No Consta,0,1,1,0,0,0,0,1,1,CENTRO / TODOS,01-01-2010,2010
Total,60525,70690,131215,11998,12217,24215,72523,82907,155430,ARGANZUELA / TODOS,01-01-2010,2010
0 - 4,2923,2961,5884,439,482,921,3362,3443,6805,ARGANZUELA / TODOS,01-01-2010,2010
5 - 9,2986,2791,5777,319,305,624,3305,3096,6401,ARGANZUELA / TODOS,01-01-2010,2010
10 - 14,2565,2436,5001,476,449,925,3041,2885,5926,ARGANZUELA / TODOS,01-01-2010,2010
15 - 19,2473,2405,4878,539,502,1041,3012,2907,5919,ARGANZUELA / TODOS,01-01-2010,2010
20 - 24,2858,2818,5676,897,1081,1978,3755,3899,7654,ARGANZUELA / TODOS,01-01-2010,2010
25 - 29,4276,4169,8445,2034,2134,4168,6310,6303,12613,ARGANZUELA / TODOS,01-01-2010,2010
30 - 34,5183,5278,10461,2218,2185,4403,7401,7463,14864,ARGANZUELA / TODOS,01-01-2010,2010
35 - 39,5240,5597,10837,1847,1533,3380,7087,7130,14217,ARGANZUELA / TODOS,01-01-2010,2010
40 - 44,5453,5769,11222,1284,1193,2477,6737,6962,13699,ARGANZUELA / TODOS,01-01-2010,2010
45 - 49,5184,5876,11060,850,872,1722,6034,6748,12782,ARGANZUELA / TODOS,01-01-2010,2010
50 - 54,4767,5767,10534,496,602,1098,5263,6369,11632,ARGANZUELA / TODOS,01-01-2010,2010
55 - 59,3981,4683,8664,295,376,671,4276,5059,9335,ARGANZUELA / TODOS,01-01-2010,2010
60 - 64,3310,4094,7404,139,205,344,3449,4299,7748,ARGANZUELA / TODOS,01-01-2010,2010
65 - 69,2570,3399,5969,56,120,176,2626,3519,6145,ARGANZUELA / TODOS,01-01-2010,2010
70 - 74,1943,2968,4911,48,76,124,1991,3044,5035,ARGANZUELA / TODOS,01-01-2010,2010
75 - 79,2104,3392,5496,28,54,82,2132,3446,5578,ARGANZUELA / TODOS,01-01-2010,2010
80 - 84,1521,2996,4517,22,24,46,1543,3020,4563,ARGANZUELA / TODOS,01-01-2010,2010
85 - 89,822,2122,2944,8,18,26,830,2140,2970,ARGANZUELA / TODOS,01-01-2010,2010
90 - 94,290,907,1197,2,6,8,292,913,1205,ARGANZUELA / TODOS,01-01-2010,2010
95 - 99,66,224,290,0,0,0,66,224,290,ARGANZUELA / TODOS,01-01-2010,2010
100 o más,9,37,46,1,0,1,10,37,47,ARGANZUELA / TODOS,01-01-2010,2010
No Consta,1,1,2,0,0,0,1,1,2,ARGANZUELA / TODOS,01-01-2010,2010
Total,50723,60969,111692,5371,6705,12076,56094,67674,123768,RETIRO / TODOS,01-01-2010,2010
0 - 4,2292,2209,4501,217,213,430,2509,2422,4931,RETIRO / TODOS,01-01-2010,2010
5 - 9,2196,2155,4351,162,152,314,2358,2307,4665,RETIRO / TODOS,01-01-2010,2010
10 - 14,2090,1977,4067,195,170,365,2285,2147,4432,RETIRO / TODOS,01-01-2010,2010
15 - 19,2165,2227,4392,191,193,384,2356,2420,4776,RETIRO / TODOS,01-01-2010,2010
20 - 24,2573,2633,5206,369,575,944,2942,3208,6150,RETIRO / TODOS,01-01-2010,2010
25 - 29,3588,3539,7127,883,1098,1981,4471,4637,9108,RETIRO / TODOS,01-01-2010,2010
30 - 34,3981,4071,8052,948,1166,2114,4929,5237,10166,RETIRO / TODOS,01-01-2010,2010
35 - 39,3891,3872,7763,788,838,1626,4679,4710,9389,RETIRO / TODOS,01-01-2010,2010
40 - 44,3708,4056,7764,584,680,1264,4292,4736,9028,RETIRO / TODOS,01-01-2010,2010
45 - 49,3718,4255,7973,356,515,871,4074,4770,8844,RETIRO / TODOS,01-01-2010,2010
50 - 54,3601,4563,8164,238,434,672,3839,4997,8836,RETIRO / TODOS,01-01-2010,2010
55 - 59,3398,4479,7877,145,261,406,3543,4740,8283,RETIRO / TODOS,01-01-2010,2010
60 - 64,3377,4406,7783,106,139,245,3483,4545,8028,RETIRO / TODOS,01-01-2010,2010
65 - 69,2974,3826,6800,76,118,194,3050,3944,6994,RETIRO / TODOS,01-01-2010,2010
70 - 74,2203,3115,5318,47,60,107,2250,3175,5425,RETIRO / TODOS,01-01-2010,2010
75 - 79,2145,3396,5541,38,31,69,2183,3427,5610,RETIRO / TODOS,01-01-2010,2010
80 - 84,1583,2938,4521,15,20,35,1598,2958,4556,RETIRO / TODOS,01-01-2010,2010
85 - 89,852,2025,2877,9,22,31,861,2047,2908,RETIRO / TODOS,01-01-2010,2010
90 - 94,297,891,1188,0,12,12,297,903,1200,RETIRO / TODOS,01-01-2010,2010
95 - 99,78,292,370,4,7,11,82,299,381,RETIRO / TODOS,01-01-2010,2010
100 o más,12,44,56,0,0,0,12,44,56,RETIRO / TODOS,01-01-2010,2010
No Consta,1,0,1,0,1,1,1,1,2,RETIRO / TODOS,01-01-2010,2010
Total,56036,71555,127591,8927,11921,20848,64963,83476,148439,SALAMANCA / TODOS,01-01-2010,2010
0 - 4,2513,2400,4913,365,331,696,2878,2731,5609,SALAMANCA / TODOS,01-01-2010,2010
5 - 9,2438,2398,4836,232,246,478,2670,2644,5314,SALAMANCA / TODOS,01-01-2010,2010
10 - 14,2221,2164,4385,278,273,551,2499,2437,4936,SALAMANCA / TODOS,01-01-2010,2010
15 - 19,2344,2285,4629,343,314,657,2687,2599,5286,SALAMANCA / TODOS,01-01-2010,2010
20 - 24,2766,2764,5530,598,921,1519,3364,3685,7049,SALAMANCA / TODOS,01-01-2010,2010
25 - 29,3764,4100,7864,1393,2039,3432,5157,6139,11296,SALAMANCA / TODOS,01-01-2010,2010
30 - 34,4575,4843,9418,1644,2136,3780,6219,6979,13198,SALAMANCA / TODOS,01-01-2010,2010
35 - 39,4421,4742,9163,1262,1604,2866,5683,6346,12029,SALAMANCA / TODOS,01-01-2010,2010
40 - 44,4264,4855,9119,930,1134,2064,5194,5989,11183,SALAMANCA / TODOS,01-01-2010,2010
45 - 49,4231,5011,9242,621,933,1554,4852,5944,10796,SALAMANCA / TODOS,01-01-2010,2010
50 - 54,3923,4995,8918,414,718,1132,4337,5713,10050,SALAMANCA / TODOS,01-01-2010,2010
55 - 59,3570,4785,8355,298,537,835,3868,5322,9190,SALAMANCA / TODOS,01-01-2010,2010
60 - 64,3496,4777,8273,203,315,518,3699,5092,8791,SALAMANCA / TODOS,01-01-2010,2010
65 - 69,3063,4430,7493,134,162,296,3197,4592,7789,SALAMANCA / TODOS,01-01-2010,2010
70 - 74,2284,3886,6170,90,94,184,2374,3980,6354,SALAMANCA / TODOS,01-01-2010,2010
75 - 79,2533,4488,7021,53,56,109,2586,4544,7130,SALAMANCA / TODOS,01-01-2010,2010
80 - 84,1985,3918,5903,37,38,75,2022,3956,5978,SALAMANCA / TODOS,01-01-2010,2010
85 - 89,1125,2775,3900,21,34,55,1146,2809,3955,SALAMANCA / TODOS,01-01-2010,2010
90 - 94,394,1395,1789,6,17,23,400,1412,1812,SALAMANCA / TODOS,01-01-2010,2010
95 - 99,105,449,554,1,15,16,106,464,570,SALAMANCA / TODOS,01-01-2010,2010
100 o más,20,92,112,4,3,7,24,95,119,SALAMANCA / TODOS,01-01-2010,2010
No Consta,1,3,4,0,1,1,1,4,5,SALAMANCA / TODOS,01-01-2010,2010
Total,58703,70451,129154,7283,10471,17754,65986,80922,146908,CHAMARTIN / TODOS,01-01-2010,2010
0 - 4,3098,2915,6013,312,305,617,3410,3220,6630,CHAMARTIN / TODOS,01-01-2010,2010
5 - 9,2922,2768,5690,227,240,467,3149,3008,6157,CHAMARTIN / TODOS,01-01-2010,2010
10 - 14,2732,2489,5221,267,256,523,2999,2745,5744,CHAMARTIN / TODOS,01-01-2010,2010
15 - 19,2799,2639,5438,307,303,610,3106,2942,6048,CHAMARTIN / TODOS,01-01-2010,2010
20 - 24,3078,2932,6010,458,780,1238,3536,3712,7248,CHAMARTIN / TODOS,01-01-2010,2010
25 - 29,3816,3841,7657,1024,1742,2766,4840,5583,10423,CHAMARTIN / TODOS,01-01-2010,2010
30 - 34,4593,4708,9301,1204,1747,2951,5797,6455,12252,CHAMARTIN / TODOS,01-01-2010,2010
35 - 39,4674,4991,9665,1048,1356,2404,5722,6347,12069,CHAMARTIN / TODOS,01-01-2010,2010
40 - 44,4305,4871,9176,767,1083,1850,5072,5954,11026,CHAMARTIN / TODOS,01-01-2010,2010
45 - 49,4249,5076,9325,516,844,1360,4765,5920,10685,CHAMARTIN / TODOS,01-01-2010,2010
50 - 54,3947,4967,8914,381,610,991,4328,5577,9905,CHAMARTIN / TODOS,01-01-2010,2010
55 - 59,3634,4556,8190,239,404,643,3873,4960,8833,CHAMARTIN / TODOS,01-01-2010,2010
60 - 64,3568,4804,8372,172,279,451,3740,5083,8823,CHAMARTIN / TODOS,01-01-2010,2010
65 - 69,3059,4296,7355,121,176,297,3180,4472,7652,CHAMARTIN / TODOS,01-01-2010,2010
70 - 74,2355,3644,5999,97,105,202,2452,3749,6201,CHAMARTIN / TODOS,01-01-2010,2010
75 - 79,2416,3937,6353,72,87,159,2488,4024,6512,CHAMARTIN / TODOS,01-01-2010,2010
80 - 84,1871,3460,5331,32,70,102,1903,3530,5433,CHAMARTIN / TODOS,01-01-2010,2010
85 - 89,1119,2247,3366,22,41,63,1141,2288,3429,CHAMARTIN / TODOS,01-01-2010,2010
90 - 94,376,947,1323,9,30,39,385,977,1362,CHAMARTIN / TODOS,01-01-2010,2010
95 - 99,76,310,386,7,9,16,83,319,402,CHAMARTIN / TODOS,01-01-2010,2010
100 o más,15,53,68,1,3,4,16,56,72,CHAMARTIN / TODOS,01-01-2010,2010
No Consta,1,0,1,0,1,1,1,1,2,CHAMARTIN / TODOS,01-01-2010,2010
Total,55586,67635,123221,16700,18377,35077,72286,86012,158298,TETUAN / TODOS,01-01-2010,2010
0 - 4,2537,2608,5145,907,775,1682,3444,3383,6827,TETUAN / TODOS,01-01-2010,2010
5 - 9,2387,2235,4622,532,486,1018,2919,2721,5640,TETUAN / TODOS,01-01-2010,2010
10 - 14,2021,1890,3911,665,672,1337,2686,2562,5248,TETUAN / TODOS,01-01-2010,2010
15 - 19,2210,2155,4365,803,825,1628,3013,2980,5993,TETUAN / TODOS,01-01-2010,2010
20 - 24,2734,2766,5500,1315,1799,3114,4049,4565,8614,TETUAN / TODOS,01-01-2010,2010
25 - 29,4006,4090,8096,2693,3168,5861,6699,7258,13957,TETUAN / TODOS,01-01-2010,2010
30 - 34,4967,4950,9917,2904,3113,6017,7871,8063,15934,TETUAN / TODOS,01-01-2010,2010
35 - 39,4843,5017,9860,2376,2327,4703,7219,7344,14563,TETUAN / TODOS,01-01-2010,2010
40 - 44,4425,4818,9243,1770,1763,3533,6195,6581,12776,TETUAN / TODOS,01-01-2010,2010
45 - 49,4181,4915,9096,1172,1212,2384,5353,6127,11480,TETUAN / TODOS,01-01-2010,2010
50 - 54,3860,4881,8741,658,900,1558,4518,5781,10299,TETUAN / TODOS,01-01-2010,2010
55 - 59,3180,4110,7290,413,560,973,3593,4670,8263,TETUAN / TODOS,01-01-2010,2010
60 - 64,3034,4022,7056,211,324,535,3245,4346,7591,TETUAN / TODOS,01-01-2010,2010
65 - 69,2753,3825,6578,109,210,319,2862,4035,6897,TETUAN / TODOS,01-01-2010,2010
70 - 74,2306,3532,5838,76,114,190,2382,3646,6028,TETUAN / TODOS,01-01-2010,2010
75 - 79,2614,4353,6967,46,59,105,2660,4412,7072,TETUAN / TODOS,01-01-2010,2010
80 - 84,1993,3747,5740,29,47,76,2022,3794,5816,TETUAN / TODOS,01-01-2010,2010
85 - 89,1099,2446,3545,14,16,30,1113,2462,3575,TETUAN / TODOS,01-01-2010,2010
90 - 94,344,928,1272,5,5,10,349,933,1282,TETUAN / TODOS,01-01-2010,2010
95 - 99,82,300,382,2,2,4,84,302,386,TETUAN / TODOS,01-01-2010,2010
100 o más,10,45,55,0,0,0,10,45,55,TETUAN / TODOS,01-01-2010,2010
No Consta,0,2,2,0,0,0,0,2,2,TETUAN / TODOS,01-01-2010,2010
Total,54077,70864,124941,9004,11911,20915,63081,82775,145856,CHAMBERI / TODOS,01-01-2010,2010
0 - 4,2327,2229,4556,364,348,712,2691,2577,5268,CHAMBERI / TODOS,01-01-2010,2010
5 - 9,2188,2170,4358,273,223,496,2461,2393,4854,CHAMBERI / TODOS,01-01-2010,2010
10 - 14,2050,2000,4050,284,279,563,2334,2279,4613,CHAMBERI / TODOS,01-01-2010,2010
15 - 19,2163,2014,4177,350,350,700,2513,2364,4877,CHAMBERI / TODOS,01-01-2010,2010
20 - 24,2633,2733,5366,666,986,1652,3299,3719,7018,CHAMBERI / TODOS,01-01-2010,2010
25 - 29,3883,4438,8321,1459,2156,3615,5342,6594,11936,CHAMBERI / TODOS,01-01-2010,2010
30 - 34,4783,5042,9825,1672,2101,3773,6455,7143,13598,CHAMBERI / TODOS,01-01-2010,2010
35 - 39,4265,4597,8862,1337,1486,2823,5602,6083,11685,CHAMBERI / TODOS,01-01-2010,2010
40 - 44,3961,4472,8433,895,1109,2004,4856,5581,10437,CHAMBERI / TODOS,01-01-2010,2010
45 - 49,3902,4676,8578,594,946,1540,4496,5622,10118,CHAMBERI / TODOS,01-01-2010,2010
50 - 54,3811,4979,8790,432,738,1170,4243,5717,9960,CHAMBERI / TODOS,01-01-2010,2010
55 - 59,3549,4857,8406,277,502,779,3826,5359,9185,CHAMBERI / TODOS,01-01-2010,2010
60 - 64,3475,4814,8289,166,291,457,3641,5105,8746,CHAMBERI / TODOS,01-01-2010,2010
65 - 69,2920,4421,7341,88,142,230,3008,4563,7571,CHAMBERI / TODOS,01-01-2010,2010
70 - 74,2222,3693,5915,58,74,132,2280,3767,6047,CHAMBERI / TODOS,01-01-2010,2010
75 - 79,2364,4367,6731,34,79,113,2398,4446,6844,CHAMBERI / TODOS,01-01-2010,2010
80 - 84,1907,4159,6066,26,44,70,1933,4203,6136,CHAMBERI / TODOS,01-01-2010,2010
85 - 89,1091,3133,4224,17,34,51,1108,3167,4275,CHAMBERI / TODOS,01-01-2010,2010
90 - 94,456,1504,1960,7,10,17,463,1514,1977,CHAMBERI / TODOS,01-01-2010,2010
95 - 99,115,477,592,2,10,12,117,487,604,CHAMBERI / TODOS,01-01-2010,2010
100 o más,11,88,99,3,3,6,14,91,105,CHAMBERI / TODOS,01-01-2010,2010
No Consta,1,1,2,0,0,0,1,1,2,CHAMBERI / TODOS,01-01-2010,2010
Total,97060,108416,205476,11430,13602,25032,108490,122018,230508,FUENCARRAL-EL PARDO / TODOS,01-01-2010,2010
0 - 4,6020,5744,11764,631,628,1259,6651,6372,13023,FUENCARRAL-EL PARDO / TODOS,01-01-2010,2010
5 - 9,4988,4849,9837,498,483,981,5486,5332,10818,FUENCARRAL-EL PARDO / TODOS,01-01-2010,2010
10 - 14,4280,4135,8415,556,517,1073,4836,4652,9488,FUENCARRAL-EL PARDO / TODOS,01-01-2010,2010
15 - 19,4365,4293,8658,612,616,1228,4977,4909,9886,FUENCARRAL-EL PARDO / TODOS,01-01-2010,2010
20 - 24,5184,4977,10161,840,1121,1961,6024,6098,12122,FUENCARRAL-EL PARDO / TODOS,01-01-2010,2010
25 - 29,6669,6575,13244,1633,2209,3842,8302,8784,17086,FUENCARRAL-EL PARDO / TODOS,01-01-2010,2010
30 - 34,8697,8755,17452,1999,2356,4355,10696,11111,21807,FUENCARRAL-EL PARDO / TODOS,01-01-2010,2010
35 - 39,8512,8661,17173,1536,1614,3150,10048,10275,20323,FUENCARRAL-EL PARDO / TODOS,01-01-2010,2010
40 - 44,7052,7442,14494,1133,1270,2403,8185,8712,16897,FUENCARRAL-EL PARDO / TODOS,01-01-2010,2010
45 - 49,6526,7456,13982,811,984,1795,7337,8440,15777,FUENCARRAL-EL PARDO / TODOS,01-01-2010,2010
50 - 54,6022,7373,13395,467,683,1150,6489,8056,14545,FUENCARRAL-EL PARDO / TODOS,01-01-2010,2010
55 - 59,5835,7225,13060,273,438,711,6108,7663,13771,FUENCARRAL-EL PARDO / TODOS,01-01-2010,2010
60 - 64,6445,7933,14378,185,268,453,6630,8201,14831,FUENCARRAL-EL PARDO / TODOS,01-01-2010,2010
65 - 69,5559,6296,11855,106,152,258,5665,6448,12113,FUENCARRAL-EL PARDO / TODOS,01-01-2010,2010
70 - 74,3989,4904,8893,62,113,175,4051,5017,9068,FUENCARRAL-EL PARDO / TODOS,01-01-2010,2010
75 - 79,3381,4645,8026,57,67,124,3438,4712,8150,FUENCARRAL-EL PARDO / TODOS,01-01-2010,2010
80 - 84,2058,3553,5611,19,39,58,2077,3592,5669,FUENCARRAL-EL PARDO / TODOS,01-01-2010,2010
85 - 89,1085,2280,3365,8,27,35,1093,2307,3400,FUENCARRAL-EL PARDO / TODOS,01-01-2010,2010
90 - 94,298,951,1249,4,10,14,302,961,1263,FUENCARRAL-EL PARDO / TODOS,01-01-2010,2010
95 - 99,82,329,411,0,6,6,82,335,417,FUENCARRAL-EL PARDO / TODOS,01-01-2010,2010
100 o más,11,40,51,0,1,1,11,41,52,FUENCARRAL-EL PARDO / TODOS,01-01-2010,2010
No Consta,2,0,2,0,0,0,2,0,2,FUENCARRAL-EL PARDO / TODOS,01-01-2010,2010
Total,47967,55758,103725,6585,9216,15801,54552,64974,119526,MONCLOA-ARAVACA / TODOS,01-01-2010,2010
0 - 4,2596,2390,4986,271,288,559,2867,2678,5545,MONCLOA-ARAVACA / TODOS,01-01-2010,2010
5 - 9,2805,2683,5488,215,207,422,3020,2890,5910,MONCLOA-ARAVACA / TODOS,01-01-2010,2010
10 - 14,2376,2415,4791,235,277,512,2611,2692,5303,MONCLOA-ARAVACA / TODOS,01-01-2010,2010
15 - 19,2291,2253,4544,269,314,583,2560,2567,5127,MONCLOA-ARAVACA / TODOS,01-01-2010,2010
20 - 24,2450,2464,4914,484,848,1332,2934,3312,6246,MONCLOA-ARAVACA / TODOS,01-01-2010,2010
25 - 29,3006,3023,6029,1059,1594,2653,4065,4617,8682,MONCLOA-ARAVACA / TODOS,01-01-2010,2010
30 - 34,3282,3382,6664,1162,1496,2658,4444,4878,9322,MONCLOA-ARAVACA / TODOS,01-01-2010,2010
35 - 39,3538,3772,7310,924,1146,2070,4462,4918,9380,MONCLOA-ARAVACA / TODOS,01-01-2010,2010
40 - 44,3794,4259,8053,681,954,1635,4475,5213,9688,MONCLOA-ARAVACA / TODOS,01-01-2010,2010
45 - 49,3842,4081,7923,509,726,1235,4351,4807,9158,MONCLOA-ARAVACA / TODOS,01-01-2010,2010
50 - 54,3448,3921,7369,334,566,900,3782,4487,8269,MONCLOA-ARAVACA / TODOS,01-01-2010,2010
55 - 59,2962,3623,6585,170,324,494,3132,3947,7079,MONCLOA-ARAVACA / TODOS,01-01-2010,2010
60 - 64,2967,3626,6593,106,201,307,3073,3827,6900,MONCLOA-ARAVACA / TODOS,01-01-2010,2010
65 - 69,2417,3124,5541,62,108,170,2479,3232,5711,MONCLOA-ARAVACA / TODOS,01-01-2010,2010
70 - 74,1902,2752,4654,42,58,100,1944,2810,4754,MONCLOA-ARAVACA / TODOS,01-01-2010,2010
75 - 79,1913,2907,4820,33,41,74,1946,2948,4894,MONCLOA-ARAVACA / TODOS,01-01-2010,2010
80 - 84,1304,2375,3679,14,26,40,1318,2401,3719,MONCLOA-ARAVACA / TODOS,01-01-2010,2010
85 - 89,719,1638,2357,11,22,33,730,1660,2390,MONCLOA-ARAVACA / TODOS,01-01-2010,2010
90 - 94,272,767,1039,4,13,17,276,780,1056,MONCLOA-ARAVACA / TODOS,01-01-2010,2010
95 - 99,69,258,327,0,5,5,69,263,332,MONCLOA-ARAVACA / TODOS,01-01-2010,2010
100 o más,12,42,54,0,1,1,12,43,55,MONCLOA-ARAVACA / TODOS,01-01-2010,2010
No Consta,2,3,5,0,1,1,2,4,6,MONCLOA-ARAVACA / TODOS,01-01-2010,2010
Total,97031,110355,207386,25060,24090,49150,122091,134445,256536,LATINA / TODOS,01-01-2010,2010
0 - 4,4352,4129,8481,1197,1137,2334,5549,5266,10815,LATINA / TODOS,01-01-2010,2010
5 - 9,4187,4031,8218,815,811,1626,5002,4842,9844,LATINA / TODOS,01-01-2010,2010
10 - 14,3579,3422,7001,1141,1090,2231,4720,4512,9232,LATINA / TODOS,01-01-2010,2010
15 - 19,3831,3796,7627,1309,1190,2499,5140,4986,10126,LATINA / TODOS,01-01-2010,2010
20 - 24,4684,4407,9091,2325,2517,4842,7009,6924,13933,LATINA / TODOS,01-01-2010,2010
25 - 29,6041,5728,11769,4057,4106,8163,10098,9834,19932,LATINA / TODOS,01-01-2010,2010
30 - 34,7430,7126,14556,4427,3798,8225,11857,10924,22781,LATINA / TODOS,01-01-2010,2010
35 - 39,7871,7836,15707,3477,2887,6364,11348,10723,22071,LATINA / TODOS,01-01-2010,2010
40 - 44,7633,7794,15427,2513,2254,4767,10146,10048,20194,LATINA / TODOS,01-01-2010,2010
45 - 49,6929,7627,14556,1626,1648,3274,8555,9275,17830,LATINA / TODOS,01-01-2010,2010
50 - 54,6126,6868,12994,1107,1176,2283,7233,8044,15277,LATINA / TODOS,01-01-2010,2010
55 - 59,5051,6071,11122,544,681,1225,5595,6752,12347,LATINA / TODOS,01-01-2010,2010
60 - 64,5602,8033,13635,279,366,645,5881,8399,14280,LATINA / TODOS,01-01-2010,2010
65 - 69,6912,9131,16043,103,183,286,7015,9314,16329,LATINA / TODOS,01-01-2010,2010
70 - 74,6061,7333,13394,56,125,181,6117,7458,13575,LATINA / TODOS,01-01-2010,2010
75 - 79,5252,7023,12275,52,67,119,5304,7090,12394,LATINA / TODOS,01-01-2010,2010
80 - 84,3334,5253,8587,25,29,54,3359,5282,8641,LATINA / TODOS,01-01-2010,2010
85 - 89,1577,3114,4691,5,19,24,1582,3133,4715,LATINA / TODOS,01-01-2010,2010
90 - 94,448,1213,1661,1,3,4,449,1216,1665,LATINA / TODOS,01-01-2010,2010
95 - 99,115,359,474,1,2,3,116,361,477,LATINA / TODOS,01-01-2010,2010
100 o más,16,60,76,0,1,1,16,61,77,LATINA / TODOS,01-01-2010,2010
No Consta,0,1,1,0,0,0,0,1,1,LATINA / TODOS,01-01-2010,2010
Total,92054,105443,197497,30895,29410,60305,122949,134853,257802,CARABANCHEL / TODOS,01-01-2010,2010
0 - 4,5491,5320,10811,1479,1399,2878,6970,6719,13689,CARABANCHEL / TODOS,01-01-2010,2010
5 - 9,4662,4462,9124,1085,977,2062,5747,5439,11186,CARABANCHEL / TODOS,01-01-2010,2010
10 - 14,3603,3473,7076,1535,1510,3045,5138,4983,10121,CARABANCHEL / TODOS,01-01-2010,2010
15 - 19,3926,3738,7664,1665,1593,3258,5591,5331,10922,CARABANCHEL / TODOS,01-01-2010,2010
20 - 24,4261,4125,8386,2673,2996,5669,6934,7121,14055,CARABANCHEL / TODOS,01-01-2010,2010
25 - 29,5237,5172,10409,4904,4903,9807,10141,10075,20216,CARABANCHEL / TODOS,01-01-2010,2010
30 - 34,7390,7719,15109,5510,4871,10381,12900,12590,25490,CARABANCHEL / TODOS,01-01-2010,2010
35 - 39,8561,8533,17094,4314,3484,7798,12875,12017,24892,CARABANCHEL / TODOS,01-01-2010,2010
40 - 44,7784,8033,15817,3124,2714,5838,10908,10747,21655,CARABANCHEL / TODOS,01-01-2010,2010
45 - 49,6919,7480,14399,2076,1967,4043,8995,9447,18442,CARABANCHEL / TODOS,01-01-2010,2010
50 - 54,5809,6385,12194,1351,1336,2687,7160,7721,14881,CARABANCHEL / TODOS,01-01-2010,2010
55 - 59,4635,5713,10348,672,789,1461,5307,6502,11809,CARABANCHEL / TODOS,01-01-2010,2010
60 - 64,5076,6301,11377,240,388,628,5316,6689,12005,CARABANCHEL / TODOS,01-01-2010,2010
65 - 69,4767,6337,11104,115,202,317,4882,6539,11421,CARABANCHEL / TODOS,01-01-2010,2010
70 - 74,4401,6188,10589,75,140,215,4476,6328,10804,CARABANCHEL / TODOS,01-01-2010,2010
75 - 79,4523,6662,11185,45,82,127,4568,6744,11312,CARABANCHEL / TODOS,01-01-2010,2010
80 - 84,3005,5218,8223,19,37,56,3024,5255,8279,CARABANCHEL / TODOS,01-01-2010,2010
85 - 89,1488,3061,4549,8,16,24,1496,3077,4573,CARABANCHEL / TODOS,01-01-2010,2010
90 - 94,393,1159,1552,5,4,9,398,1163,1561,CARABANCHEL / TODOS,01-01-2010,2010
95 - 99,107,319,426,0,1,1,107,320,427,CARABANCHEL / TODOS,01-01-2010,2010
100 o más,15,45,60,0,1,1,15,46,61,CARABANCHEL / TODOS,01-01-2010,2010
No Consta,1,0,1,0,0,0,1,0,1,CARABANCHEL / TODOS,01-01-2010,2010
Total,50513,56928,107441,18171,16803,34974,68684,73731,142415,USERA / TODOS,01-01-2010,2010
0 - 4,3284,3157,6441,965,844,1809,4249,4001,8250,USERA / TODOS,01-01-2010,2010
5 - 9,2932,2710,5642,607,541,1148,3539,3251,6790,USERA / TODOS,01-01-2010,2010
10 - 14,2236,2120,4356,884,828,1712,3120,2948,6068,USERA / TODOS,01-01-2010,2010
15 - 19,2312,2275,4587,962,922,1884,3274,3197,6471,USERA / TODOS,01-01-2010,2010
20 - 24,2538,2426,4964,1592,1789,3381,4130,4215,8345,USERA / TODOS,01-01-2010,2010
25 - 29,2796,2698,5494,2737,2765,5502,5533,5463,10996,USERA / TODOS,01-01-2010,2010
30 - 34,3783,4072,7855,3154,2772,5926,6937,6844,13781,USERA / TODOS,01-01-2010,2010
35 - 39,4551,4508,9059,2698,2173,4871,7249,6681,13930,USERA / TODOS,01-01-2010,2010
40 - 44,4262,4330,8592,2038,1609,3647,6300,5939,12239,USERA / TODOS,01-01-2010,2010
45 - 49,4009,4186,8195,1248,1090,2338,5257,5276,10533,USERA / TODOS,01-01-2010,2010
50 - 54,3280,3512,6792,687,641,1328,3967,4153,8120,USERA / TODOS,01-01-2010,2010
55 - 59,2586,2879,5465,328,335,663,2914,3214,6128,USERA / TODOS,01-01-2010,2010
60 - 64,2400,2917,5317,124,224,348,2524,3141,5665,USERA / TODOS,01-01-2010,2010
65 - 69,2119,2835,4954,70,110,180,2189,2945,5134,USERA / TODOS,01-01-2010,2010
70 - 74,2166,3221,5387,47,75,122,2213,3296,5509,USERA / TODOS,01-01-2010,2010
75 - 79,2525,3814,6339,14,54,68,2539,3868,6407,USERA / TODOS,01-01-2010,2010
80 - 84,1703,2825,4528,11,16,27,1714,2841,4555,USERA / TODOS,01-01-2010,2010
85 - 89,778,1663,2441,4,10,14,782,1673,2455,USERA / TODOS,01-01-2010,2010
90 - 94,196,605,801,0,4,4,196,609,805,USERA / TODOS,01-01-2010,2010
95 - 99,48,150,198,1,0,1,49,150,199,USERA / TODOS,01-01-2010,2010
100 o más,9,25,34,0,1,1,9,26,35,USERA / TODOS,01-01-2010,2010
Total,92950,103223,196173,25272,23658,48930,118222,126881,245103,PUENTE DE VALLECAS / TODOS,01-01-2010,2010
0 - 4,4875,4576,9451,1301,1263,2564,6176,5839,12015,PUENTE DE VALLECAS / TODOS,01-01-2010,2010
5 - 9,4870,4602,9472,916,872,1788,5786,5474,11260,PUENTE DE VALLECAS / TODOS,01-01-2010,2010
10 - 14,4375,4111,8486,1297,1206,2503,5672,5317,10989,PUENTE DE VALLECAS / TODOS,01-01-2010,2010
15 - 19,4919,4591,9510,1378,1356,2734,6297,5947,12244,PUENTE DE VALLECAS / TODOS,01-01-2010,2010
20 - 24,5388,5065,10453,2174,2426,4600,7562,7491,15053,PUENTE DE VALLECAS / TODOS,01-01-2010,2010
25 - 29,5865,5631,11496,4021,3953,7974,9886,9584,19470,PUENTE DE VALLECAS / TODOS,01-01-2010,2010
30 - 34,6714,6699,13413,4499,3849,8348,11213,10548,21761,PUENTE DE VALLECAS / TODOS,01-01-2010,2010
35 - 39,6992,6965,13957,3650,2954,6604,10642,9919,20561,PUENTE DE VALLECAS / TODOS,01-01-2010,2010
40 - 44,7930,8330,16260,2552,2128,4680,10482,10458,20940,PUENTE DE VALLECAS / TODOS,01-01-2010,2010
45 - 49,7997,8664,16661,1656,1464,3120,9653,10128,19781,PUENTE DE VALLECAS / TODOS,01-01-2010,2010
50 - 54,6855,7162,14017,952,989,1941,7807,8151,15958,PUENTE DE VALLECAS / TODOS,01-01-2010,2010
55 - 59,4917,5315,10232,465,541,1006,5382,5856,11238,PUENTE DE VALLECAS / TODOS,01-01-2010,2010
60 - 64,4485,5299,9784,219,294,513,4704,5593,10297,PUENTE DE VALLECAS / TODOS,01-01-2010,2010
65 - 69,3974,5094,9068,91,150,241,4065,5244,9309,PUENTE DE VALLECAS / TODOS,01-01-2010,2010
70 - 74,3939,5698,9637,47,111,158,3986,5809,9795,PUENTE DE VALLECAS / TODOS,01-01-2010,2010
75 - 79,4374,6519,10893,30,50,80,4404,6569,10973,PUENTE DE VALLECAS / TODOS,01-01-2010,2010
80 - 84,2820,4959,7779,15,28,43,2835,4987,7822,PUENTE DE VALLECAS / TODOS,01-01-2010,2010
85 - 89,1306,2733,4039,7,12,19,1313,2745,4058,PUENTE DE VALLECAS / TODOS,01-01-2010,2010
90 - 94,289,950,1239,2,8,10,291,958,1249,PUENTE DE VALLECAS / TODOS,01-01-2010,2010
95 - 99,61,225,286,0,2,2,61,227,288,PUENTE DE VALLECAS / TODOS,01-01-2010,2010
100 o más,4,35,39,0,2,2,4,37,41,PUENTE DE VALLECAS / TODOS,01-01-2010,2010
No Consta,1,0,1,0,0,0,1,0,1,PUENTE DE VALLECAS / TODOS,01-01-2010,2010
Total,42772,48946,91718,5446,5890,11336,48218,54836,103054,MORATALAZ / TODOS,01-01-2010,2010
0 - 4,1926,1850,3776,215,218,433,2141,2068,4209,MORATALAZ / TODOS,01-01-2010,2010
5 - 9,2060,2045,4105,191,179,370,2251,2224,4475,MORATALAZ / TODOS,01-01-2010,2010
10 - 14,2074,1938,4012,248,272,520,2322,2210,4532,MORATALAZ / TODOS,01-01-2010,2010
15 - 19,2161,2055,4216,318,299,617,2479,2354,4833,MORATALAZ / TODOS,01-01-2010,2010
20 - 24,2156,2052,4208,562,599,1161,2718,2651,5369,MORATALAZ / TODOS,01-01-2010,2010
25 - 29,2449,2299,4748,860,978,1838,3309,3277,6586,MORATALAZ / TODOS,01-01-2010,2010
30 - 34,2742,2765,5507,980,944,1924,3722,3709,7431,MORATALAZ / TODOS,01-01-2010,2010
35 - 39,3242,3358,6600,749,704,1453,3991,4062,8053,MORATALAZ / TODOS,01-01-2010,2010
40 - 44,3557,3888,7445,550,547,1097,4107,4435,8542,MORATALAZ / TODOS,01-01-2010,2010
45 - 49,3575,3858,7433,281,412,693,3856,4270,8126,MORATALAZ / TODOS,01-01-2010,2010
50 - 54,2847,3194,6041,229,288,517,3076,3482,6558,MORATALAZ / TODOS,01-01-2010,2010
55 - 59,2279,2714,4993,116,184,300,2395,2898,5293,MORATALAZ / TODOS,01-01-2010,2010
60 - 64,2280,3035,5315,40,99,139,2320,3134,5454,MORATALAZ / TODOS,01-01-2010,2010
65 - 69,2481,3430,5911,44,68,112,2525,3498,6023,MORATALAZ / TODOS,01-01-2010,2010
70 - 74,2431,3435,5866,37,50,87,2468,3485,5953,MORATALAZ / TODOS,01-01-2010,2010
75 - 79,2449,3203,5652,11,27,38,2460,3230,5690,MORATALAZ / TODOS,01-01-2010,2010
80 - 84,1334,2137,3471,11,13,24,1345,2150,3495,MORATALAZ / TODOS,01-01-2010,2010
85 - 89,543,1088,1631,4,4,8,547,1092,1639,MORATALAZ / TODOS,01-01-2010,2010
90 - 94,145,425,570,0,5,5,145,430,575,MORATALAZ / TODOS,01-01-2010,2010
95 - 99,36,157,193,0,0,0,36,157,193,MORATALAZ / TODOS,01-01-2010,2010
100 o más,5,19,24,0,0,0,5,19,24,MORATALAZ / TODOS,01-01-2010,2010
No Consta,0,1,1,0,0,0,0,1,1,MORATALAZ / TODOS,01-01-2010,2010
Total,85983,102260,188243,19883,21611,41494,105866,123871,229737,CIUDAD LINEAL / TODOS,01-01-2010,2010
0 - 4,4152,3922,8074,870,842,1712,5022,4764,9786,CIUDAD LINEAL / TODOS,01-01-2010,2010
5 - 9,4357,4166,8523,660,653,1313,5017,4819,9836,CIUDAD LINEAL / TODOS,01-01-2010,2010
10 - 14,3733,3493,7226,1024,948,1972,4757,4441,9198,CIUDAD LINEAL / TODOS,01-01-2010,2010
15 - 19,4007,3835,7842,1090,1075,2165,5097,4910,10007,CIUDAD LINEAL / TODOS,01-01-2010,2010
20 - 24,4232,4194,8426,1620,2038,3658,5852,6232,12084,CIUDAD LINEAL / TODOS,01-01-2010,2010
25 - 29,5062,5046,10108,3005,3458,6463,8067,8504,16571,CIUDAD LINEAL / TODOS,01-01-2010,2010
30 - 34,6244,6074,12318,3471,3647,7118,9715,9721,19436,CIUDAD LINEAL / TODOS,01-01-2010,2010
35 - 39,6491,6905,13396,2767,2654,5421,9258,9559,18817,CIUDAD LINEAL / TODOS,01-01-2010,2010
40 - 44,6751,7654,14405,2070,2030,4100,8821,9684,18505,CIUDAD LINEAL / TODOS,01-01-2010,2010
45 - 49,6732,7903,14635,1389,1621,3010,8121,9524,17645,CIUDAD LINEAL / TODOS,01-01-2010,2010
50 - 54,6033,7193,13226,845,1118,1963,6878,8311,15189,CIUDAD LINEAL / TODOS,01-01-2010,2010
55 - 59,4805,6110,10915,509,668,1177,5314,6778,12092,CIUDAD LINEAL / TODOS,01-01-2010,2010
60 - 64,4957,6467,11424,247,354,601,5204,6821,12025,CIUDAD LINEAL / TODOS,01-01-2010,2010
65 - 69,4569,6434,11003,128,197,325,4697,6631,11328,CIUDAD LINEAL / TODOS,01-01-2010,2010
70 - 74,4164,6205,10369,82,135,217,4246,6340,10586,CIUDAD LINEAL / TODOS,01-01-2010,2010
75 - 79,4675,6898,11573,51,78,129,4726,6976,11702,CIUDAD LINEAL / TODOS,01-01-2010,2010
80 - 84,3065,5176,8241,37,49,86,3102,5225,8327,CIUDAD LINEAL / TODOS,01-01-2010,2010
85 - 89,1439,2997,4436,12,28,40,1451,3025,4476,CIUDAD LINEAL / TODOS,01-01-2010,2010
90 - 94,406,1187,1593,5,14,19,411,1201,1612,CIUDAD LINEAL / TODOS,01-01-2010,2010
95 - 99,96,355,451,0,3,3,96,358,454,CIUDAD LINEAL / TODOS,01-01-2010,2010
100 o más,11,44,55,1,1,2,12,45,57,CIUDAD LINEAL / TODOS,01-01-2010,2010
No Consta,2,2,4,0,0,0,2,2,4,CIUDAD LINEAL / TODOS,01-01-2010,2010
Total,73068,79783,152851,10448,12012,22460,83516,91795,175311,HORTALEZA / TODOS,01-01-2010,2010
0 - 4,4488,4257,8745,552,466,1018,5040,4723,9763,HORTALEZA / TODOS,01-01-2010,2010
5 - 9,4174,4023,8197,550,540,1090,4724,4563,9287,HORTALEZA / TODOS,01-01-2010,2010
10 - 14,3642,3472,7114,627,591,1218,4269,4063,8332,HORTALEZA / TODOS,01-01-2010,2010
15 - 19,3651,3512,7163,589,576,1165,4240,4088,8328,HORTALEZA / TODOS,01-01-2010,2010
20 - 24,3824,3561,7385,755,994,1749,4579,4555,9134,HORTALEZA / TODOS,01-01-2010,2010
25 - 29,4303,4274,8577,1297,1738,3035,5600,6012,11612,HORTALEZA / TODOS,01-01-2010,2010
30 - 34,6064,6096,12160,1584,1862,3446,7648,7958,15606,HORTALEZA / TODOS,01-01-2010,2010
35 - 39,6446,6723,13169,1390,1512,2902,7836,8235,16071,HORTALEZA / TODOS,01-01-2010,2010
40 - 44,5957,6348,12305,1074,1206,2280,7031,7554,14585,HORTALEZA / TODOS,01-01-2010,2010
45 - 49,5831,6368,12199,818,880,1698,6649,7248,13897,HORTALEZA / TODOS,01-01-2010,2010
50 - 54,4865,5298,10163,500,632,1132,5365,5930,11295,HORTALEZA / TODOS,01-01-2010,2010
55 - 59,3923,4684,8607,299,417,716,4222,5101,9323,HORTALEZA / TODOS,01-01-2010,2010
60 - 64,4145,5185,9330,169,251,420,4314,5436,9750,HORTALEZA / TODOS,01-01-2010,2010
65 - 69,4098,4502,8600,104,153,257,4202,4655,8857,HORTALEZA / TODOS,01-01-2010,2010
70 - 74,2811,3537,6348,70,77,147,2881,3614,6495,HORTALEZA / TODOS,01-01-2010,2010
75 - 79,2498,3316,5814,32,52,84,2530,3368,5898,HORTALEZA / TODOS,01-01-2010,2010
80 - 84,1455,2372,3827,26,30,56,1481,2402,3883,HORTALEZA / TODOS,01-01-2010,2010
85 - 89,669,1459,2128,10,26,36,679,1485,2164,HORTALEZA / TODOS,01-01-2010,2010
90 - 94,175,591,766,2,4,6,177,595,772,HORTALEZA / TODOS,01-01-2010,2010
95 - 99,48,177,225,0,3,3,48,180,228,HORTALEZA / TODOS,01-01-2010,2010
100 o más,1,28,29,0,2,2,1,30,31,HORTALEZA / TODOS,01-01-2010,2010
Total,55062,59502,114564,18975,16880,35855,74037,76382,150419,VILLAVERDE / TODOS,01-01-2010,2010
0 - 4,3740,3365,7105,1052,991,2043,4792,4356,9148,VILLAVERDE / TODOS,01-01-2010,2010
5 - 9,3135,3035,6170,701,655,1356,3836,3690,7526,VILLAVERDE / TODOS,01-01-2010,2010
10 - 14,2391,2340,4731,973,963,1936,3364,3303,6667,VILLAVERDE / TODOS,01-01-2010,2010
15 - 19,2586,2465,5051,1032,1051,2083,3618,3516,7134,VILLAVERDE / TODOS,01-01-2010,2010
20 - 24,2787,2734,5521,1660,1775,3435,4447,4509,8956,VILLAVERDE / TODOS,01-01-2010,2010
25 - 29,3051,2899,5950,2906,2646,5552,5957,5545,11502,VILLAVERDE / TODOS,01-01-2010,2010
30 - 34,4188,4322,8510,3297,2506,5803,7485,6828,14313,VILLAVERDE / TODOS,01-01-2010,2010
35 - 39,4861,4918,9779,2674,2102,4776,7535,7020,14555,VILLAVERDE / TODOS,01-01-2010,2010
40 - 44,4866,4960,9826,1938,1461,3399,6804,6421,13225,VILLAVERDE / TODOS,01-01-2010,2010
45 - 49,4571,4511,9082,1289,1104,2393,5860,5615,11475,VILLAVERDE / TODOS,01-01-2010,2010
50 - 54,3365,3425,6790,806,657,1463,4171,4082,8253,VILLAVERDE / TODOS,01-01-2010,2010
55 - 59,2512,2793,5305,341,432,773,2853,3225,6078,VILLAVERDE / TODOS,01-01-2010,2010
60 - 64,2631,3187,5818,147,248,395,2778,3435,6213,VILLAVERDE / TODOS,01-01-2010,2010
65 - 69,2698,3417,6115,79,131,210,2777,3548,6325,VILLAVERDE / TODOS,01-01-2010,2010
70 - 74,2701,3540,6241,41,74,115,2742,3614,6356,VILLAVERDE / TODOS,01-01-2010,2010
75 - 79,2692,3585,6277,25,50,75,2717,3635,6352,VILLAVERDE / TODOS,01-01-2010,2010
80 - 84,1496,2324,3820,13,24,37,1509,2348,3857,VILLAVERDE / TODOS,01-01-2010,2010
85 - 89,608,1174,1782,1,9,10,609,1183,1792,VILLAVERDE / TODOS,01-01-2010,2010
90 - 94,157,375,532,0,1,1,157,376,533,VILLAVERDE / TODOS,01-01-2010,2010
95 - 99,22,119,141,0,0,0,22,119,141,VILLAVERDE / TODOS,01-01-2010,2010
100 o más,4,14,18,0,0,0,4,14,18,VILLAVERDE / TODOS,01-01-2010,2010
Total,35865,37714,73579,7608,7147,14755,43473,44861,88334,VILLA DE VALLECAS / TODOS,01-01-2010,2010
0 - 4,2464,2232,4696,489,443,932,2953,2675,5628,VILLA DE VALLECAS / TODOS,01-01-2010,2010
5 - 9,2083,1897,3980,381,393,774,2464,2290,4754,VILLA DE VALLECAS / TODOS,01-01-2010,2010
10 - 14,1778,1592,3370,396,387,783,2174,1979,4153,VILLA DE VALLECAS / TODOS,01-01-2010,2010
15 - 19,1900,1745,3645,400,384,784,2300,2129,4429,VILLA DE VALLECAS / TODOS,01-01-2010,2010
20 - 24,2023,1945,3968,743,748,1491,2766,2693,5459,VILLA DE VALLECAS / TODOS,01-01-2010,2010
25 - 29,2614,2895,5509,1151,1129,2280,3765,4024,7789,VILLA DE VALLECAS / TODOS,01-01-2010,2010
30 - 34,4206,4263,8469,1305,1120,2425,5511,5383,10894,VILLA DE VALLECAS / TODOS,01-01-2010,2010
35 - 39,3590,3503,7093,992,787,1779,4582,4290,8872,VILLA DE VALLECAS / TODOS,01-01-2010,2010
40 - 44,2810,2878,5688,702,634,1336,3512,3512,7024,VILLA DE VALLECAS / TODOS,01-01-2010,2010
45 - 49,2661,2955,5616,459,453,912,3120,3408,6528,VILLA DE VALLECAS / TODOS,01-01-2010,2010
50 - 54,2269,2358,4627,309,299,608,2578,2657,5235,VILLA DE VALLECAS / TODOS,01-01-2010,2010
55 - 59,1761,1968,3729,160,163,323,1921,2131,4052,VILLA DE VALLECAS / TODOS,01-01-2010,2010
60 - 64,1716,1806,3522,53,75,128,1769,1881,3650,VILLA DE VALLECAS / TODOS,01-01-2010,2010
65 - 69,1246,1438,2684,36,48,84,1282,1486,2768,VILLA DE VALLECAS / TODOS,01-01-2010,2010
70 - 74,1008,1312,2320,14,28,42,1022,1340,2362,VILLA DE VALLECAS / TODOS,01-01-2010,2010
75 - 79,917,1300,2217,9,24,33,926,1324,2250,VILLA DE VALLECAS / TODOS,01-01-2010,2010
80 - 84,519,852,1371,6,20,26,525,872,1397,VILLA DE VALLECAS / TODOS,01-01-2010,2010
85 - 89,230,525,755,3,6,9,233,531,764,VILLA DE VALLECAS / TODOS,01-01-2010,2010
90 - 94,61,188,249,0,3,3,61,191,252,VILLA DE VALLECAS / TODOS,01-01-2010,2010
95 - 99,9,54,63,0,3,3,9,57,66,VILLA DE VALLECAS / TODOS,01-01-2010,2010
100 o más,0,8,8,0,0,0,0,8,8,VILLA DE VALLECAS / TODOS,01-01-2010,2010
Total,29009,29935,58944,6185,5791,11976,35194,35726,70920,VICALVARO / TODOS,01-01-2010,2010
0 - 4,2333,2146,4479,348,368,716,2681,2514,5195,VICALVARO / TODOS,01-01-2010,2010
5 - 9,1909,1906,3815,275,207,482,2184,2113,4297,VICALVARO / TODOS,01-01-2010,2010
10 - 14,1518,1447,2965,290,263,553,1808,1710,3518,VICALVARO / TODOS,01-01-2010,2010
15 - 19,1357,1252,2609,322,309,631,1679,1561,3240,VICALVARO / TODOS,01-01-2010,2010
20 - 24,1232,1145,2377,608,615,1223,1840,1760,3600,VICALVARO / TODOS,01-01-2010,2010
25 - 29,1449,1389,2838,934,1021,1955,2383,2410,4793,VICALVARO / TODOS,01-01-2010,2010
30 - 34,2351,2539,4890,1064,872,1936,3415,3411,6826,VICALVARO / TODOS,01-01-2010,2010
35 - 39,3444,3408,6852,838,648,1486,4282,4056,8338,VICALVARO / TODOS,01-01-2010,2010
40 - 44,3074,3090,6164,612,513,1125,3686,3603,7289,VICALVARO / TODOS,01-01-2010,2010
45 - 49,2560,2415,4975,395,376,771,2955,2791,5746,VICALVARO / TODOS,01-01-2010,2010
50 - 54,1637,1659,3296,261,272,533,1898,1931,3829,VICALVARO / TODOS,01-01-2010,2010
55 - 59,1116,1157,2273,122,130,252,1238,1287,2525,VICALVARO / TODOS,01-01-2010,2010
60 - 64,1053,1356,2409,58,78,136,1111,1434,2545,VICALVARO / TODOS,01-01-2010,2010
65 - 69,1250,1505,2755,21,55,76,1271,1560,2831,VICALVARO / TODOS,01-01-2010,2010
70 - 74,1133,1294,2427,17,32,49,1150,1326,2476,VICALVARO / TODOS,01-01-2010,2010
75 - 79,897,1033,1930,12,20,32,909,1053,1962,VICALVARO / TODOS,01-01-2010,2010
80 - 84,453,664,1117,6,4,10,459,668,1127,VICALVARO / TODOS,01-01-2010,2010
85 - 89,186,359,545,2,5,7,188,364,552,VICALVARO / TODOS,01-01-2010,2010
90 - 94,43,134,177,0,2,2,43,136,179,VICALVARO / TODOS,01-01-2010,2010
95 - 99,13,32,45,0,1,1,13,33,46,VICALVARO / TODOS,01-01-2010,2010
100 o más,0,5,5,0,0,0,0,5,5,VICALVARO / TODOS,01-01-2010,2010
No Consta,1,0,1,0,0,0,1,0,1,VICALVARO / TODOS,01-01-2010,2010
Total,64752,70989,135741,11614,11556,23170,76366,82545,158911,SAN BLAS-CANILLEJAS / TODOS,01-01-2010,2010
0 - 4,3990,3848,7838,462,525,987,4452,4373,8825,SAN BLAS-CANILLEJAS / TODOS,01-01-2010,2010
5 - 9,4237,3884,8121,419,418,837,4656,4302,8958,SAN BLAS-CANILLEJAS / TODOS,01-01-2010,2010
10 - 14,3091,3000,6091,629,601,1230,3720,3601,7321,SAN BLAS-CANILLEJAS / TODOS,01-01-2010,2010
15 - 19,3017,2846,5863,587,709,1296,3604,3555,7159,SAN BLAS-CANILLEJAS / TODOS,01-01-2010,2010
20 - 24,3180,3001,6181,1026,1101,2127,4206,4102,8308,SAN BLAS-CANILLEJAS / TODOS,01-01-2010,2010
25 - 29,3414,3263,6677,1763,1796,3559,5177,5059,10236,SAN BLAS-CANILLEJAS / TODOS,01-01-2010,2010
30 - 34,4420,4533,8953,1950,1864,3814,6370,6397,12767,SAN BLAS-CANILLEJAS / TODOS,01-01-2010,2010
35 - 39,5834,6193,12027,1692,1419,3111,7526,7612,15138,SAN BLAS-CANILLEJAS / TODOS,01-01-2010,2010
40 - 44,6592,6668,13260,1220,1084,2304,7812,7752,15564,SAN BLAS-CANILLEJAS / TODOS,01-01-2010,2010
45 - 49,5932,5979,11911,795,805,1600,6727,6784,13511,SAN BLAS-CANILLEJAS / TODOS,01-01-2010,2010
50 - 54,4539,4684,9223,507,521,1028,5046,5205,10251,SAN BLAS-CANILLEJAS / TODOS,01-01-2010,2010
55 - 59,3187,3473,6660,294,344,638,3481,3817,7298,SAN BLAS-CANILLEJAS / TODOS,01-01-2010,2010
60 - 64,2837,3239,6076,156,174,330,2993,3413,6406,SAN BLAS-CANILLEJAS / TODOS,01-01-2010,2010
65 - 69,2405,3088,5493,44,85,129,2449,3173,5622,SAN BLAS-CANILLEJAS / TODOS,01-01-2010,2010
70 - 74,2411,3585,5996,39,57,96,2450,3642,6092,SAN BLAS-CANILLEJAS / TODOS,01-01-2010,2010
75 - 79,2844,4144,6988,17,36,53,2861,4180,7041,SAN BLAS-CANILLEJAS / TODOS,01-01-2010,2010
80 - 84,1826,3189,5015,11,12,23,1837,3201,5038,SAN BLAS-CANILLEJAS / TODOS,01-01-2010,2010
85 - 89,781,1716,2497,2,3,5,783,1719,2502,SAN BLAS-CANILLEJAS / TODOS,01-01-2010,2010
90 - 94,171,480,651,1,2,3,172,482,654,SAN BLAS-CANILLEJAS / TODOS,01-01-2010,2010
95 - 99,41,146,187,0,0,0,41,146,187,SAN BLAS-CANILLEJAS / TODOS,01-01-2010,2010
100 o más,3,29,32,0,0,0,3,29,32,SAN BLAS-CANILLEJAS / TODOS,01-01-2010,2010
No Consta,0,1,1,0,0,0,0,1,1,SAN BLAS-CANILLEJAS / TODOS,01-01-2010,2010
Total,19492,20297,39789,2944,3234,6178,22436,23531,45967,BARAJAS / TODOS,01-01-2010,2010
0 - 4,1326,1218,2544,157,134,291,1483,1352,2835,BARAJAS / TODOS,01-01-2010,2010
5 - 9,1281,1149,2430,140,108,248,1421,1257,2678,BARAJAS / TODOS,01-01-2010,2010
10 - 14,926,879,1805,147,120,267,1073,999,2072,BARAJAS / TODOS,01-01-2010,2010
15 - 19,852,787,1639,128,143,271,980,930,1910,BARAJAS / TODOS,01-01-2010,2010
20 - 24,944,913,1857,205,309,514,1149,1222,2371,BARAJAS / TODOS,01-01-2010,2010
25 - 29,1323,1198,2521,361,474,835,1684,1672,3356,BARAJAS / TODOS,01-01-2010,2010
30 - 34,1665,1639,3304,468,546,1014,2133,2185,4318,BARAJAS / TODOS,01-01-2010,2010
35 - 39,1921,1991,3912,437,428,865,2358,2419,4777,BARAJAS / TODOS,01-01-2010,2010
40 - 44,1651,1727,3378,331,330,661,1982,2057,4039,BARAJAS / TODOS,01-01-2010,2010
45 - 49,1484,1562,3046,240,248,488,1724,1810,3534,BARAJAS / TODOS,01-01-2010,2010
50 - 54,1210,1211,2421,148,152,300,1358,1363,2721,BARAJAS / TODOS,01-01-2010,2010
55 - 59,1057,1356,2413,83,101,184,1140,1457,2597,BARAJAS / TODOS,01-01-2010,2010
60 - 64,1231,1433,2664,49,55,104,1280,1488,2768,BARAJAS / TODOS,01-01-2010,2010
65 - 69,996,1083,2079,19,42,61,1015,1125,2140,BARAJAS / TODOS,01-01-2010,2010
70 - 74,674,661,1335,16,16,32,690,677,1367,BARAJAS / TODOS,01-01-2010,2010
75 - 79,474,573,1047,10,11,21,484,584,1068,BARAJAS / TODOS,01-01-2010,2010
80 - 84,265,450,715,3,11,14,268,461,729,BARAJAS / TODOS,01-01-2010,2010
85 - 89,158,295,453,1,5,6,159,300,459,BARAJAS / TODOS,01-01-2010,2010
90 - 94,41,129,170,1,1,2,42,130,172,BARAJAS / TODOS,01-01-2010,2010
95 - 99,10,33,43,0,0,0,10,33,43,BARAJAS / TODOS,01-01-2010,2010
100 o más,3,10,13,0,0,0,3,10,13,BARAJAS / TODOS,01-01-2010,2010
Total,49896,55445,105341,21636,17287,38923,71532,72732,144264,CENTRO / TODOS,01-01-2011,2011
0 - 4,1847,1798,3645,765,712,1477,2612,2510,5122,CENTRO / TODOS,01-01-2011,2011
5 - 9,1552,1554,3106,398,411,809,1950,1965,3915,CENTRO / TODOS,01-01-2011,2011
10 - 14,1342,1305,2647,483,433,916,1825,1738,3563,CENTRO / TODOS,01-01-2011,2011
15 - 19,1367,1242,2609,630,503,1133,1997,1745,3742,CENTRO / TODOS,01-01-2011,2011
20 - 24,1785,1713,3498,1500,1307,2807,3285,3020,6305,CENTRO / TODOS,01-01-2011,2011
25 - 29,3427,3658,7085,3668,3267,6935,7095,6925,14020,CENTRO / TODOS,01-01-2011,2011
30 - 34,5611,5352,10963,4718,3401,8119,10329,8753,19082,CENTRO / TODOS,01-01-2011,2011
35 - 39,5853,5200,11053,3552,2342,5894,9405,7542,16947,CENTRO / TODOS,01-01-2011,2011
40 - 44,5114,4374,9488,2464,1628,4092,7578,6002,13580,CENTRO / TODOS,01-01-2011,2011
45 - 49,4545,4216,8761,1487,1157,2644,6032,5373,11405,CENTRO / TODOS,01-01-2011,2011
50 - 54,3848,4030,7878,872,815,1687,4720,4845,9565,CENTRO / TODOS,01-01-2011,2011
55 - 59,3071,3479,6550,495,537,1032,3566,4016,7582,CENTRO / TODOS,01-01-2011,2011
60 - 64,2693,3101,5794,266,294,560,2959,3395,6354,CENTRO / TODOS,01-01-2011,2011
65 - 69,2160,2694,4854,164,196,360,2324,2890,5214,CENTRO / TODOS,01-01-2011,2011
70 - 74,1676,2508,4184,84,115,199,1760,2623,4383,CENTRO / TODOS,01-01-2011,2011
75 - 79,1599,2926,4525,53,86,139,1652,3012,4664,CENTRO / TODOS,01-01-2011,2011
80 - 84,1378,2838,4216,27,42,69,1405,2880,4285,CENTRO / TODOS,01-01-2011,2011
85 - 89,730,2053,2783,8,26,34,738,2079,2817,CENTRO / TODOS,01-01-2011,2011
90 - 94,235,1024,1259,2,12,14,237,1036,1273,CENTRO / TODOS,01-01-2011,2011
95 - 99,55,323,378,0,3,3,55,326,381,CENTRO / TODOS,01-01-2011,2011
100 o más,8,56,64,0,0,0,8,56,64,CENTRO / TODOS,01-01-2011,2011
No Consta,0,1,1,0,0,0,0,1,1,CENTRO / TODOS,01-01-2011,2011
Total,61149,71378,132527,11359,11912,23271,72508,83290,155798,ARGANZUELA / TODOS,01-01-2011,2011
0 - 4,2937,3015,5952,406,505,911,3343,3520,6863,ARGANZUELA / TODOS,01-01-2011,2011
5 - 9,2967,2817,5784,274,253,527,3241,3070,6311,ARGANZUELA / TODOS,01-01-2011,2011
10 - 14,2645,2540,5185,438,378,816,3083,2918,6001,ARGANZUELA / TODOS,01-01-2011,2011
15 - 19,2539,2386,4925,477,452,929,3016,2838,5854,ARGANZUELA / TODOS,01-01-2011,2011
20 - 24,2763,2741,5504,781,990,1771,3544,3731,7275,ARGANZUELA / TODOS,01-01-2011,2011
25 - 29,4189,4091,8280,1789,2054,3843,5978,6145,12123,ARGANZUELA / TODOS,01-01-2011,2011
30 - 34,5275,5301,10576,2214,2192,4406,7489,7493,14982,ARGANZUELA / TODOS,01-01-2011,2011
35 - 39,5260,5699,10959,1719,1542,3261,6979,7241,14220,ARGANZUELA / TODOS,01-01-2011,2011
40 - 44,5384,5700,11084,1257,1129,2386,6641,6829,13470,ARGANZUELA / TODOS,01-01-2011,2011
45 - 49,5308,5940,11248,845,879,1724,6153,6819,12972,ARGANZUELA / TODOS,01-01-2011,2011
50 - 54,4922,5808,10730,500,603,1103,5422,6411,11833,ARGANZUELA / TODOS,01-01-2011,2011
55 - 59,4074,4944,9018,321,396,717,4395,5340,9735,ARGANZUELA / TODOS,01-01-2011,2011
60 - 64,3425,4142,7567,151,233,384,3576,4375,7951,ARGANZUELA / TODOS,01-01-2011,2011
65 - 69,2581,3447,6028,82,135,217,2663,3582,6245,ARGANZUELA / TODOS,01-01-2011,2011
70 - 74,1988,3011,4999,43,70,113,2031,3081,5112,ARGANZUELA / TODOS,01-01-2011,2011
75 - 79,2104,3391,5495,27,52,79,2131,3443,5574,ARGANZUELA / TODOS,01-01-2011,2011
80 - 84,1548,2970,4518,19,21,40,1567,2991,4558,ARGANZUELA / TODOS,01-01-2011,2011
85 - 89,875,2156,3031,12,23,35,887,2179,3066,ARGANZUELA / TODOS,01-01-2011,2011
90 - 94,293,986,1279,3,5,8,296,991,1287,ARGANZUELA / TODOS,01-01-2011,2011
95 - 99,66,248,314,0,0,0,66,248,314,ARGANZUELA / TODOS,01-01-2011,2011
100 o más,5,44,49,1,0,1,6,44,50,ARGANZUELA / TODOS,01-01-2011,2011
No Consta,1,1,2,0,0,0,1,1,2,ARGANZUELA / TODOS,01-01-2011,2011
Total,50604,60748,111352,5118,6475,11593,55722,67223,122945,RETIRO / TODOS,01-01-2011,2011
0 - 4,2283,2224,4507,222,201,423,2505,2425,4930,RETIRO / TODOS,01-01-2011,2011
5 - 9,2219,2175,4394,139,137,276,2358,2312,4670,RETIRO / TODOS,01-01-2011,2011
10 - 14,2098,1979,4077,169,163,332,2267,2142,4409,RETIRO / TODOS,01-01-2011,2011
15 - 19,2161,2179,4340,186,184,370,2347,2363,4710,RETIRO / TODOS,01-01-2011,2011
20 - 24,2507,2472,4979,291,469,760,2798,2941,5739,RETIRO / TODOS,01-01-2011,2011
25 - 29,3381,3452,6833,790,1090,1880,4171,4542,8713,RETIRO / TODOS,01-01-2011,2011
30 - 34,3930,3971,7901,914,1112,2026,4844,5083,9927,RETIRO / TODOS,01-01-2011,2011
35 - 39,3921,3966,7887,786,850,1636,4707,4816,9523,RETIRO / TODOS,01-01-2011,2011
40 - 44,3658,3922,7580,549,664,1213,4207,4586,8793,RETIRO / TODOS,01-01-2011,2011
45 - 49,3739,4176,7915,365,507,872,4104,4683,8787,RETIRO / TODOS,01-01-2011,2011
50 - 54,3587,4526,8113,247,429,676,3834,4955,8789,RETIRO / TODOS,01-01-2011,2011
55 - 59,3407,4570,7977,150,282,432,3557,4852,8409,RETIRO / TODOS,01-01-2011,2011
60 - 64,3373,4394,7767,107,139,246,3480,4533,8013,RETIRO / TODOS,01-01-2011,2011
65 - 69,2962,3844,6806,87,97,184,3049,3941,6990,RETIRO / TODOS,01-01-2011,2011
70 - 74,2313,3225,5538,54,67,121,2367,3292,5659,RETIRO / TODOS,01-01-2011,2011
75 - 79,2169,3297,5466,32,29,61,2201,3326,5527,RETIRO / TODOS,01-01-2011,2011
80 - 84,1572,3045,4617,16,19,35,1588,3064,4652,RETIRO / TODOS,01-01-2011,2011
85 - 89,928,2063,2991,11,17,28,939,2080,3019,RETIRO / TODOS,01-01-2011,2011
90 - 94,314,924,1238,0,11,11,314,935,1249,RETIRO / TODOS,01-01-2011,2011
95 - 99,70,289,359,3,7,10,73,296,369,RETIRO / TODOS,01-01-2011,2011
100 o más,11,55,66,0,0,0,11,55,66,RETIRO / TODOS,01-01-2011,2011
No Consta,1,0,1,0,1,1,1,1,2,RETIRO / TODOS,01-01-2011,2011
Total,56286,71628,127914,8683,11835,20518,64969,83463,148432,SALAMANCA / TODOS,01-01-2011,2011
0 - 4,2567,2441,5008,387,357,744,2954,2798,5752,SALAMANCA / TODOS,01-01-2011,2011
5 - 9,2417,2411,4828,210,234,444,2627,2645,5272,SALAMANCA / TODOS,01-01-2011,2011
10 - 14,2287,2221,4508,255,266,521,2542,2487,5029,SALAMANCA / TODOS,01-01-2011,2011
15 - 19,2270,2214,4484,330,304,634,2600,2518,5118,SALAMANCA / TODOS,01-01-2011,2011
20 - 24,2740,2655,5395,561,817,1378,3301,3472,6773,SALAMANCA / TODOS,01-01-2011,2011
25 - 29,3750,4176,7926,1260,2027,3287,5010,6203,11213,SALAMANCA / TODOS,01-01-2011,2011
30 - 34,4479,4819,9298,1661,2137,3798,6140,6956,13096,SALAMANCA / TODOS,01-01-2011,2011
35 - 39,4433,4874,9307,1232,1589,2821,5665,6463,12128,SALAMANCA / TODOS,01-01-2011,2011
40 - 44,4245,4702,8947,914,1106,2020,5159,5808,10967,SALAMANCA / TODOS,01-01-2011,2011
45 - 49,4270,5014,9284,613,923,1536,4883,5937,10820,SALAMANCA / TODOS,01-01-2011,2011
50 - 54,4037,5057,9094,392,745,1137,4429,5802,10231,SALAMANCA / TODOS,01-01-2011,2011
55 - 59,3639,4794,8433,312,544,856,3951,5338,9289,SALAMANCA / TODOS,01-01-2011,2011
60 - 64,3504,4804,8308,209,348,557,3713,5152,8865,SALAMANCA / TODOS,01-01-2011,2011
65 - 69,3104,4324,7428,135,156,291,3239,4480,7719,SALAMANCA / TODOS,01-01-2011,2011
70 - 74,2313,3933,6246,83,109,192,2396,4042,6438,SALAMANCA / TODOS,01-01-2011,2011
75 - 79,2510,4381,6891,52,62,114,2562,4443,7005,SALAMANCA / TODOS,01-01-2011,2011
80 - 84,2028,3936,5964,44,45,89,2072,3981,6053,SALAMANCA / TODOS,01-01-2011,2011
85 - 89,1150,2856,4006,24,32,56,1174,2888,4062,SALAMANCA / TODOS,01-01-2011,2011
90 - 94,410,1420,1830,5,17,22,415,1437,1852,SALAMANCA / TODOS,01-01-2011,2011
95 - 99,117,501,618,1,13,14,118,514,632,SALAMANCA / TODOS,01-01-2011,2011
100 o más,16,92,108,3,4,7,19,96,115,SALAMANCA / TODOS,01-01-2011,2011
No Consta,0,3,3,0,0,0,0,3,3,SALAMANCA / TODOS,01-01-2011,2011
Total,58940,70700,129640,7163,10411,17574,66103,81111,147214,CHAMARTIN / TODOS,01-01-2011,2011
0 - 4,3183,2953,6136,290,276,566,3473,3229,6702,CHAMARTIN / TODOS,01-01-2011,2011
5 - 9,2881,2817,5698,227,237,464,3108,3054,6162,CHAMARTIN / TODOS,01-01-2011,2011
10 - 14,2728,2509,5237,258,270,528,2986,2779,5765,CHAMARTIN / TODOS,01-01-2011,2011
15 - 19,2843,2728,5571,270,258,528,3113,2986,6099,CHAMARTIN / TODOS,01-01-2011,2011
20 - 24,2954,2833,5787,416,706,1122,3370,3539,6909,CHAMARTIN / TODOS,01-01-2011,2011
25 - 29,3773,3704,7477,932,1634,2566,4705,5338,10043,CHAMARTIN / TODOS,01-01-2011,2011
30 - 34,4513,4573,9086,1194,1798,2992,5707,6371,12078,CHAMARTIN / TODOS,01-01-2011,2011
35 - 39,4693,5025,9718,1055,1383,2438,5748,6408,12156,CHAMARTIN / TODOS,01-01-2011,2011
40 - 44,4342,4820,9162,767,1130,1897,5109,5950,11059,CHAMARTIN / TODOS,01-01-2011,2011
45 - 49,4340,5173,9513,585,849,1434,4925,6022,10947,CHAMARTIN / TODOS,01-01-2011,2011
50 - 54,3986,5006,8992,364,642,1006,4350,5648,9998,CHAMARTIN / TODOS,01-01-2011,2011
55 - 59,3696,4669,8365,246,412,658,3942,5081,9023,CHAMARTIN / TODOS,01-01-2011,2011
60 - 64,3519,4706,8225,176,289,465,3695,4995,8690,CHAMARTIN / TODOS,01-01-2011,2011
65 - 69,3063,4294,7357,132,187,319,3195,4481,7676,CHAMARTIN / TODOS,01-01-2011,2011
70 - 74,2470,3774,6244,100,105,205,2570,3879,6449,CHAMARTIN / TODOS,01-01-2011,2011
75 - 79,2373,3850,6223,69,88,157,2442,3938,6380,CHAMARTIN / TODOS,01-01-2011,2011
80 - 84,1908,3516,5424,43,68,111,1951,3584,5535,CHAMARTIN / TODOS,01-01-2011,2011
85 - 89,1189,2345,3534,20,35,55,1209,2380,3589,CHAMARTIN / TODOS,01-01-2011,2011
90 - 94,376,1019,1395,13,32,45,389,1051,1440,CHAMARTIN / TODOS,01-01-2011,2011
95 - 99,94,331,425,4,7,11,98,338,436,CHAMARTIN / TODOS,01-01-2011,2011
100 o más,15,55,70,2,4,6,17,59,76,CHAMARTIN / TODOS,01-01-2011,2011
No Consta,1,0,1,0,1,1,1,1,2,CHAMARTIN / TODOS,01-01-2011,2011
Total,55740,67540,123280,16024,18366,34390,71764,85906,157670,TETUAN / TODOS,01-01-2011,2011
0 - 4,2635,2562,5197,915,782,1697,3550,3344,6894,TETUAN / TODOS,01-01-2011,2011
5 - 9,2366,2336,4702,480,486,966,2846,2822,5668,TETUAN / TODOS,01-01-2011,2011
10 - 14,2105,1954,4059,616,594,1210,2721,2548,5269,TETUAN / TODOS,01-01-2011,2011
15 - 19,2266,2109,4375,713,780,1493,2979,2889,5868,TETUAN / TODOS,01-01-2011,2011
20 - 24,2639,2650,5289,1152,1638,2790,3791,4288,8079,TETUAN / TODOS,01-01-2011,2011
25 - 29,3953,4052,8005,2403,3144,5547,6356,7196,13552,TETUAN / TODOS,01-01-2011,2011
30 - 34,4835,4804,9639,2954,3227,6181,7789,8031,15820,TETUAN / TODOS,01-01-2011,2011
35 - 39,4826,5069,9895,2251,2368,4619,7077,7437,14514,TETUAN / TODOS,01-01-2011,2011
40 - 44,4491,4693,9184,1768,1784,3552,6259,6477,12736,TETUAN / TODOS,01-01-2011,2011
45 - 49,4202,5059,9261,1127,1244,2371,5329,6303,11632,TETUAN / TODOS,01-01-2011,2011
50 - 54,3994,4867,8861,700,941,1641,4694,5808,10502,TETUAN / TODOS,01-01-2011,2011
55 - 59,3244,4206,7450,429,585,1014,3673,4791,8464,TETUAN / TODOS,01-01-2011,2011
60 - 64,3054,4045,7099,228,324,552,3282,4369,7651,TETUAN / TODOS,01-01-2011,2011
65 - 69,2653,3767,6420,112,206,318,2765,3973,6738,TETUAN / TODOS,01-01-2011,2011
70 - 74,2345,3516,5861,71,130,201,2416,3646,6062,TETUAN / TODOS,01-01-2011,2011
75 - 79,2497,4176,6673,51,64,115,2548,4240,6788,TETUAN / TODOS,01-01-2011,2011
80 - 84,2053,3823,5876,31,45,76,2084,3868,5952,TETUAN / TODOS,01-01-2011,2011
85 - 89,1124,2484,3608,14,16,30,1138,2500,3638,TETUAN / TODOS,01-01-2011,2011
90 - 94,364,1007,1371,6,6,12,370,1013,1383,TETUAN / TODOS,01-01-2011,2011
95 - 99,83,309,392,3,2,5,86,311,397,TETUAN / TODOS,01-01-2011,2011
100 o más,11,50,61,0,0,0,11,50,61,TETUAN / TODOS,01-01-2011,2011
No Consta,0,2,2,0,0,0,0,2,2,TETUAN / TODOS,01-01-2011,2011
Total,54083,70612,124695,8728,11673,20401,62811,82285,145096,CHAMBERI / TODOS,01-01-2011,2011
0 - 4,2322,2224,4546,364,354,718,2686,2578,5264,CHAMBERI / TODOS,01-01-2011,2011
5 - 9,2185,2171,4356,240,209,449,2425,2380,4805,CHAMBERI / TODOS,01-01-2011,2011
10 - 14,2092,2033,4125,260,251,511,2352,2284,4636,CHAMBERI / TODOS,01-01-2011,2011
15 - 19,2121,2021,4142,302,339,641,2423,2360,4783,CHAMBERI / TODOS,01-01-2011,2011
20 - 24,2530,2609,5139,547,882,1429,3077,3491,6568,CHAMBERI / TODOS,01-01-2011,2011
25 - 29,3828,4413,8241,1338,2006,3344,5166,6419,11585,CHAMBERI / TODOS,01-01-2011,2011
30 - 34,4783,4958,9741,1659,2147,3806,6442,7105,13547,CHAMBERI / TODOS,01-01-2011,2011
35 - 39,4364,4695,9059,1328,1529,2857,5692,6224,11916,CHAMBERI / TODOS,01-01-2011,2011
40 - 44,3871,4367,8238,915,1067,1982,4786,5434,10220,CHAMBERI / TODOS,01-01-2011,2011
45 - 49,3903,4715,8618,621,916,1537,4524,5631,10155,CHAMBERI / TODOS,01-01-2011,2011
50 - 54,3828,4884,8712,431,735,1166,4259,5619,9878,CHAMBERI / TODOS,01-01-2011,2011
55 - 59,3584,4961,8545,283,530,813,3867,5491,9358,CHAMBERI / TODOS,01-01-2011,2011
60 - 64,3501,4724,8225,173,319,492,3674,5043,8717,CHAMBERI / TODOS,01-01-2011,2011
65 - 69,2942,4421,7363,102,139,241,3044,4560,7604,CHAMBERI / TODOS,01-01-2011,2011
70 - 74,2253,3741,5994,63,83,146,2316,3824,6140,CHAMBERI / TODOS,01-01-2011,2011
75 - 79,2327,4254,6581,46,63,109,2373,4317,6690,CHAMBERI / TODOS,01-01-2011,2011
80 - 84,1903,4110,6013,23,50,73,1926,4160,6086,CHAMBERI / TODOS,01-01-2011,2011
85 - 89,1174,3157,4331,21,32,53,1195,3189,4384,CHAMBERI / TODOS,01-01-2011,2011
90 - 94,440,1574,2014,8,10,18,448,1584,2032,CHAMBERI / TODOS,01-01-2011,2011
95 - 99,114,476,590,2,9,11,116,485,601,CHAMBERI / TODOS,01-01-2011,2011
100 o más,17,103,120,2,3,5,19,106,125,CHAMBERI / TODOS,01-01-2011,2011
No Consta,1,1,2,0,0,0,1,1,2,CHAMBERI / TODOS,01-01-2011,2011
Total,98431,109789,208220,11294,13504,24798,109725,123293,233018,FUENCARRAL-EL PARDO / TODOS,01-01-2011,2011
0 - 4,6402,6128,12530,698,613,1311,7100,6741,13841,FUENCARRAL-EL PARDO / TODOS,01-01-2011,2011
5 - 9,5194,4934,10128,462,493,955,5656,5427,11083,FUENCARRAL-EL PARDO / TODOS,01-01-2011,2011
10 - 14,4365,4266,8631,508,505,1013,4873,4771,9644,FUENCARRAL-EL PARDO / TODOS,01-01-2011,2011
15 - 19,4371,4279,8650,583,535,1118,4954,4814,9768,FUENCARRAL-EL PARDO / TODOS,01-01-2011,2011
20 - 24,4995,4773,9768,780,1042,1822,5775,5815,11590,FUENCARRAL-EL PARDO / TODOS,01-01-2011,2011
25 - 29,6404,6333,12737,1532,2078,3610,7936,8411,16347,FUENCARRAL-EL PARDO / TODOS,01-01-2011,2011
30 - 34,8452,8575,17027,1998,2384,4382,10450,10959,21409,FUENCARRAL-EL PARDO / TODOS,01-01-2011,2011
35 - 39,8951,9177,18128,1602,1702,3304,10553,10879,21432,FUENCARRAL-EL PARDO / TODOS,01-01-2011,2011
40 - 44,7247,7526,14773,1110,1281,2391,8357,8807,17164,FUENCARRAL-EL PARDO / TODOS,01-01-2011,2011
45 - 49,6706,7517,14223,788,967,1755,7494,8484,15978,FUENCARRAL-EL PARDO / TODOS,01-01-2011,2011
50 - 54,6155,7368,13523,500,746,1246,6655,8114,14769,FUENCARRAL-EL PARDO / TODOS,01-01-2011,2011
55 - 59,5712,7210,12922,286,468,754,5998,7678,13676,FUENCARRAL-EL PARDO / TODOS,01-01-2011,2011
60 - 64,6285,7838,14123,181,283,464,6466,8121,14587,FUENCARRAL-EL PARDO / TODOS,01-01-2011,2011
65 - 69,5641,6496,12137,98,144,242,5739,6640,12379,FUENCARRAL-EL PARDO / TODOS,01-01-2011,2011
70 - 74,4246,5146,9392,74,108,182,4320,5254,9574,FUENCARRAL-EL PARDO / TODOS,01-01-2011,2011
75 - 79,3464,4732,8196,53,77,130,3517,4809,8326,FUENCARRAL-EL PARDO / TODOS,01-01-2011,2011
80 - 84,2264,3678,5942,27,36,63,2291,3714,6005,FUENCARRAL-EL PARDO / TODOS,01-01-2011,2011
85 - 89,1145,2409,3554,10,24,34,1155,2433,3588,FUENCARRAL-EL PARDO / TODOS,01-01-2011,2011
90 - 94,342,1016,1358,3,10,13,345,1026,1371,FUENCARRAL-EL PARDO / TODOS,01-01-2011,2011
95 - 99,75,343,418,1,6,7,76,349,425,FUENCARRAL-EL PARDO / TODOS,01-01-2011,2011
100 o más,13,45,58,0,2,2,13,47,60,FUENCARRAL-EL PARDO / TODOS,01-01-2011,2011
No Consta,2,0,2,0,0,0,2,0,2,FUENCARRAL-EL PARDO / TODOS,01-01-2011,2011
Total,48133,55980,104113,6484,9038,15522,54617,65018,119635,MONCLOA-ARAVACA / TODOS,01-01-2011,2011
0 - 4,2570,2412,4982,291,295,586,2861,2707,5568,MONCLOA-ARAVACA / TODOS,01-01-2011,2011
5 - 9,2854,2694,5548,184,170,354,3038,2864,5902,MONCLOA-ARAVACA / TODOS,01-01-2011,2011
10 - 14,2450,2512,4962,222,259,481,2672,2771,5443,MONCLOA-ARAVACA / TODOS,01-01-2011,2011
15 - 19,2335,2281,4616,250,272,522,2585,2553,5138,MONCLOA-ARAVACA / TODOS,01-01-2011,2011
20 - 24,2354,2390,4744,465,746,1211,2819,3136,5955,MONCLOA-ARAVACA / TODOS,01-01-2011,2011
25 - 29,2981,2960,5941,966,1521,2487,3947,4481,8428,MONCLOA-ARAVACA / TODOS,01-01-2011,2011
30 - 34,3259,3300,6559,1163,1582,2745,4422,4882,9304,MONCLOA-ARAVACA / TODOS,01-01-2011,2011
35 - 39,3482,3772,7254,922,1104,2026,4404,4876,9280,MONCLOA-ARAVACA / TODOS,01-01-2011,2011
40 - 44,3710,4130,7840,675,951,1626,4385,5081,9466,MONCLOA-ARAVACA / TODOS,01-01-2011,2011
45 - 49,3913,4180,8093,507,711,1218,4420,4891,9311,MONCLOA-ARAVACA / TODOS,01-01-2011,2011
50 - 54,3509,3967,7476,342,570,912,3851,4537,8388,MONCLOA-ARAVACA / TODOS,01-01-2011,2011
55 - 59,3007,3663,6670,202,362,564,3209,4025,7234,MONCLOA-ARAVACA / TODOS,01-01-2011,2011
60 - 64,2935,3679,6614,122,201,323,3057,3880,6937,MONCLOA-ARAVACA / TODOS,01-01-2011,2011
65 - 69,2462,3137,5599,56,117,173,2518,3254,5772,MONCLOA-ARAVACA / TODOS,01-01-2011,2011
70 - 74,1969,2738,4707,54,61,115,2023,2799,4822,MONCLOA-ARAVACA / TODOS,01-01-2011,2011
75 - 79,1892,2923,4815,32,40,72,1924,2963,4887,MONCLOA-ARAVACA / TODOS,01-01-2011,2011
80 - 84,1372,2442,3814,18,30,48,1390,2472,3862,MONCLOA-ARAVACA / TODOS,01-01-2011,2011
85 - 89,726,1723,2449,8,23,31,734,1746,2480,MONCLOA-ARAVACA / TODOS,01-01-2011,2011
90 - 94,267,779,1046,5,13,18,272,792,1064,MONCLOA-ARAVACA / TODOS,01-01-2011,2011
95 - 99,70,255,325,0,8,8,70,263,333,MONCLOA-ARAVACA / TODOS,01-01-2011,2011
100 o más,14,40,54,0,1,1,14,41,55,MONCLOA-ARAVACA / TODOS,01-01-2011,2011
No Consta,2,3,5,0,1,1,2,4,6,MONCLOA-ARAVACA / TODOS,01-01-2011,2011
Total,96265,109726,205991,23792,23816,47608,120057,133542,253599,LATINA / TODOS,01-01-2011,2011
0 - 4,4322,4095,8417,1216,1135,2351,5538,5230,10768,LATINA / TODOS,01-01-2011,2011
5 - 9,4280,4181,8461,729,741,1470,5009,4922,9931,LATINA / TODOS,01-01-2011,2011
10 - 14,3709,3472,7181,1070,1056,2126,4779,4528,9307,LATINA / TODOS,01-01-2011,2011
15 - 19,3796,3736,7532,1213,1128,2341,5009,4864,9873,LATINA / TODOS,01-01-2011,2011
20 - 24,4484,4288,8772,1910,2226,4136,6394,6514,12908,LATINA / TODOS,01-01-2011,2011
25 - 29,5615,5358,10973,3633,3867,7500,9248,9225,18473,LATINA / TODOS,01-01-2011,2011
30 - 34,6959,6692,13651,4247,3851,8098,11206,10543,21749,LATINA / TODOS,01-01-2011,2011
35 - 39,7770,7713,15483,3381,2995,6376,11151,10708,21859,LATINA / TODOS,01-01-2011,2011
40 - 44,7684,7822,15506,2507,2238,4745,10191,10060,20251,LATINA / TODOS,01-01-2011,2011
45 - 49,7063,7812,14875,1599,1738,3337,8662,9550,18212,LATINA / TODOS,01-01-2011,2011
50 - 54,6335,7005,13340,1141,1238,2379,7476,8243,15719,LATINA / TODOS,01-01-2011,2011
55 - 59,5092,6088,11180,597,711,1308,5689,6799,12488,LATINA / TODOS,01-01-2011,2011
60 - 64,5252,7395,12647,300,427,727,5552,7822,13374,LATINA / TODOS,01-01-2011,2011
65 - 69,6390,8842,15232,102,196,298,6492,9038,15530,LATINA / TODOS,01-01-2011,2011
70 - 74,6392,7711,14103,59,132,191,6451,7843,14294,LATINA / TODOS,01-01-2011,2011
75 - 79,5358,7108,12466,54,75,129,5412,7183,12595,LATINA / TODOS,01-01-2011,2011
80 - 84,3473,5418,8891,24,35,59,3497,5453,8950,LATINA / TODOS,01-01-2011,2011
85 - 89,1679,3237,4916,9,20,29,1688,3257,4945,LATINA / TODOS,01-01-2011,2011
90 - 94,470,1308,1778,1,6,7,471,1314,1785,LATINA / TODOS,01-01-2011,2011
95 - 99,120,377,497,0,1,1,120,378,498,LATINA / TODOS,01-01-2011,2011
100 o más,22,67,89,0,0,0,22,67,89,LATINA / TODOS,01-01-2011,2011
No Consta,0,1,1,0,0,0,0,1,1,LATINA / TODOS,01-01-2011,2011
Total,92339,105922,198261,29541,29003,58544,121880,134925,256805,CARABANCHEL / TODOS,01-01-2011,2011
0 - 4,5581,5356,10937,1553,1457,3010,7134,6813,13947,CARABANCHEL / TODOS,01-01-2011,2011
5 - 9,5007,4728,9735,962,884,1846,5969,5612,11581,CARABANCHEL / TODOS,01-01-2011,2011
10 - 14,3749,3604,7353,1419,1375,2794,5168,4979,10147,CARABANCHEL / TODOS,01-01-2011,2011
15 - 19,3912,3796,7708,1602,1520,3122,5514,5316,10830,CARABANCHEL / TODOS,01-01-2011,2011
20 - 24,4254,4074,8328,2302,2767,5069,6556,6841,13397,CARABANCHEL / TODOS,01-01-2011,2011
25 - 29,4931,4950,9881,4251,4640,8891,9182,9590,18772,CARABANCHEL / TODOS,01-01-2011,2011
30 - 34,6771,7153,13924,5250,4798,10048,12021,11951,23972,CARABANCHEL / TODOS,01-01-2011,2011
35 - 39,8600,8719,17319,4219,3590,7809,12819,12309,25128,CARABANCHEL / TODOS,01-01-2011,2011
40 - 44,7915,8117,16032,3231,2756,5987,11146,10873,22019,CARABANCHEL / TODOS,01-01-2011,2011
45 - 49,7095,7655,14750,2080,2027,4107,9175,9682,18857,CARABANCHEL / TODOS,01-01-2011,2011
50 - 54,6087,6676,12763,1387,1392,2779,7474,8068,15542,CARABANCHEL / TODOS,01-01-2011,2011
55 - 59,4756,5741,10497,721,848,1569,5477,6589,12066,CARABANCHEL / TODOS,01-01-2011,2011
60 - 64,4859,6068,10927,287,444,731,5146,6512,11658,CARABANCHEL / TODOS,01-01-2011,2011
65 - 69,4566,6162,10728,119,215,334,4685,6377,11062,CARABANCHEL / TODOS,01-01-2011,2011
70 - 74,4459,6254,10713,76,137,213,4535,6391,10926,CARABANCHEL / TODOS,01-01-2011,2011
75 - 79,4553,6721,11274,44,87,131,4597,6808,11405,CARABANCHEL / TODOS,01-01-2011,2011
80 - 84,3116,5301,8417,24,39,63,3140,5340,8480,CARABANCHEL / TODOS,01-01-2011,2011
85 - 89,1564,3212,4776,9,23,32,1573,3235,4808,CARABANCHEL / TODOS,01-01-2011,2011
90 - 94,445,1227,1672,4,3,7,449,1230,1679,CARABANCHEL / TODOS,01-01-2011,2011
95 - 99,103,355,458,1,0,1,104,355,459,CARABANCHEL / TODOS,01-01-2011,2011
100 o más,15,53,68,0,1,1,15,54,69,CARABANCHEL / TODOS,01-01-2011,2011
No Consta,1,0,1,0,0,0,1,0,1,CARABANCHEL / TODOS,01-01-2011,2011
Total,50564,57020,107584,17319,16406,33725,67883,73426,141309,USERA / TODOS,01-01-2011,2011
0 - 4,3246,3116,6362,978,889,1867,4224,4005,8229,USERA / TODOS,01-01-2011,2011
5 - 9,3055,2844,5899,535,503,1038,3590,3347,6937,USERA / TODOS,01-01-2011,2011
10 - 14,2341,2234,4575,812,773,1585,3153,3007,6160,USERA / TODOS,01-01-2011,2011
15 - 19,2269,2239,4508,929,834,1763,3198,3073,6271,USERA / TODOS,01-01-2011,2011
20 - 24,2455,2458,4913,1362,1538,2900,3817,3996,7813,USERA / TODOS,01-01-2011,2011
25 - 29,2735,2609,5344,2489,2634,5123,5224,5243,10467,USERA / TODOS,01-01-2011,2011
30 - 34,3465,3705,7170,2999,2763,5762,6464,6468,12932,USERA / TODOS,01-01-2011,2011
35 - 39,4503,4537,9040,2539,2125,4664,7042,6662,13704,USERA / TODOS,01-01-2011,2011
40 - 44,4376,4414,8790,2056,1649,3705,6432,6063,12495,USERA / TODOS,01-01-2011,2011
45 - 49,4051,4290,8341,1283,1139,2422,5334,5429,10763,USERA / TODOS,01-01-2011,2011
50 - 54,3496,3653,7149,710,704,1414,4206,4357,8563,USERA / TODOS,01-01-2011,2011
55 - 59,2663,2974,5637,359,367,726,3022,3341,6363,USERA / TODOS,01-01-2011,2011
60 - 64,2410,2869,5279,116,220,336,2526,3089,5615,USERA / TODOS,01-01-2011,2011
65 - 69,2073,2686,4759,73,113,186,2146,2799,4945,USERA / TODOS,01-01-2011,2011
70 - 74,2047,3135,5182,46,65,111,2093,3200,5293,USERA / TODOS,01-01-2011,2011
75 - 79,2484,3737,6221,16,60,76,2500,3797,6297,USERA / TODOS,01-01-2011,2011
80 - 84,1788,2995,4783,13,19,32,1801,3014,4815,USERA / TODOS,01-01-2011,2011
85 - 89,829,1691,2520,3,7,10,832,1698,2530,USERA / TODOS,01-01-2011,2011
90 - 94,216,641,857,1,3,4,217,644,861,USERA / TODOS,01-01-2011,2011
95 - 99,55,164,219,0,1,1,55,165,220,USERA / TODOS,01-01-2011,2011
100 o más,7,29,36,0,0,0,7,29,36,USERA / TODOS,01-01-2011,2011
Total,92604,102749,195353,24058,23290,47348,116662,126039,242701,PUENTE DE VALLECAS / TODOS,01-01-2011,2011
0 - 4,4832,4392,9224,1381,1305,2686,6213,5697,11910,PUENTE DE VALLECAS / TODOS,01-01-2011,2011
5 - 9,4857,4609,9466,800,793,1593,5657,5402,11059,PUENTE DE VALLECAS / TODOS,01-01-2011,2011
10 - 14,4470,4221,8691,1209,1140,2349,5679,5361,11040,PUENTE DE VALLECAS / TODOS,01-01-2011,2011
15 - 19,4833,4464,9297,1323,1301,2624,6156,5765,11921,PUENTE DE VALLECAS / TODOS,01-01-2011,2011
20 - 24,5389,5072,10461,1828,2169,3997,7217,7241,14458,PUENTE DE VALLECAS / TODOS,01-01-2011,2011
25 - 29,5573,5431,11004,3442,3639,7081,9015,9070,18085,PUENTE DE VALLECAS / TODOS,01-01-2011,2011
30 - 34,6458,6377,12835,4266,3895,8161,10724,10272,20996,PUENTE DE VALLECAS / TODOS,01-01-2011,2011
35 - 39,7026,6913,13939,3610,2982,6592,10636,9895,20531,PUENTE DE VALLECAS / TODOS,01-01-2011,2011
40 - 44,7587,8000,15587,2631,2215,4846,10218,10215,20433,PUENTE DE VALLECAS / TODOS,01-01-2011,2011
45 - 49,8056,8753,16809,1638,1496,3134,9694,10249,19943,PUENTE DE VALLECAS / TODOS,01-01-2011,2011
50 - 54,7271,7645,14916,976,1052,2028,8247,8697,16944,PUENTE DE VALLECAS / TODOS,01-01-2011,2011
55 - 59,5139,5516,10655,515,597,1112,5654,6113,11767,PUENTE DE VALLECAS / TODOS,01-01-2011,2011
60 - 64,4386,5160,9546,218,323,541,4604,5483,10087,PUENTE DE VALLECAS / TODOS,01-01-2011,2011
65 - 69,3831,4865,8696,102,160,262,3933,5025,8958,PUENTE DE VALLECAS / TODOS,01-01-2011,2011
70 - 74,3870,5621,9491,60,113,173,3930,5734,9664,PUENTE DE VALLECAS / TODOS,01-01-2011,2011
75 - 79,4225,6364,10589,32,58,90,4257,6422,10679,PUENTE DE VALLECAS / TODOS,01-01-2011,2011
80 - 84,2997,5196,8193,16,33,49,3013,5229,8242,PUENTE DE VALLECAS / TODOS,01-01-2011,2011
85 - 89,1385,2837,4222,8,9,17,1393,2846,4239,PUENTE DE VALLECAS / TODOS,01-01-2011,2011
90 - 94,351,1039,1390,2,7,9,353,1046,1399,PUENTE DE VALLECAS / TODOS,01-01-2011,2011
95 - 99,62,243,305,0,2,2,62,245,307,PUENTE DE VALLECAS / TODOS,01-01-2011,2011
100 o más,5,31,36,1,1,2,6,32,38,PUENTE DE VALLECAS / TODOS,01-01-2011,2011
No Consta,1,0,1,0,0,0,1,0,1,PUENTE DE VALLECAS / TODOS,01-01-2011,2011
Total,42309,48534,90843,5137,5780,10917,47446,54314,101760,MORATALAZ / TODOS,01-01-2011,2011
0 - 4,1836,1771,3607,237,228,465,2073,1999,4072,MORATALAZ / TODOS,01-01-2011,2011
5 - 9,2024,2011,4035,152,161,313,2176,2172,4348,MORATALAZ / TODOS,01-01-2011,2011
10 - 14,2042,1961,4003,242,239,481,2284,2200,4484,MORATALAZ / TODOS,01-01-2011,2011
15 - 19,2205,2071,4276,287,287,574,2492,2358,4850,MORATALAZ / TODOS,01-01-2011,2011
20 - 24,2106,2009,4115,464,558,1022,2570,2567,5137,MORATALAZ / TODOS,01-01-2011,2011
25 - 29,2381,2152,4533,746,889,1635,3127,3041,6168,MORATALAZ / TODOS,01-01-2011,2011
30 - 34,2585,2545,5130,906,949,1855,3491,3494,6985,MORATALAZ / TODOS,01-01-2011,2011
35 - 39,3040,3182,6222,768,708,1476,3808,3890,7698,MORATALAZ / TODOS,01-01-2011,2011
40 - 44,3481,3789,7270,535,554,1089,4016,4343,8359,MORATALAZ / TODOS,01-01-2011,2011
45 - 49,3598,3917,7515,307,439,746,3905,4356,8261,MORATALAZ / TODOS,01-01-2011,2011
50 - 54,3016,3352,6368,216,304,520,3232,3656,6888,MORATALAZ / TODOS,01-01-2011,2011
55 - 59,2299,2767,5066,115,191,306,2414,2958,5372,MORATALAZ / TODOS,01-01-2011,2011
60 - 64,2152,2887,5039,50,107,157,2202,2994,5196,MORATALAZ / TODOS,01-01-2011,2011
65 - 69,2427,3259,5686,42,69,111,2469,3328,5797,MORATALAZ / TODOS,01-01-2011,2011
70 - 74,2382,3446,5828,43,45,88,2425,3491,5916,MORATALAZ / TODOS,01-01-2011,2011
75 - 79,2507,3295,5802,11,29,40,2518,3324,5842,MORATALAZ / TODOS,01-01-2011,2011
80 - 84,1447,2326,3773,11,12,23,1458,2338,3796,MORATALAZ / TODOS,01-01-2011,2011
85 - 89,581,1154,1735,4,7,11,585,1161,1746,MORATALAZ / TODOS,01-01-2011,2011
90 - 94,161,451,612,1,4,5,162,455,617,MORATALAZ / TODOS,01-01-2011,2011
95 - 99,34,166,200,0,0,0,34,166,200,MORATALAZ / TODOS,01-01-2011,2011
100 o más,5,22,27,0,0,0,5,22,27,MORATALAZ / TODOS,01-01-2011,2011
No Consta,0,1,1,0,0,0,0,1,1,MORATALAZ / TODOS,01-01-2011,2011
Total,85713,101927,187640,18716,20973,39689,104429,122900,227329,CIUDAD LINEAL / TODOS,01-01-2011,2011
0 - 4,4143,3843,7986,871,883,1754,5014,4726,9740,CIUDAD LINEAL / TODOS,01-01-2011,2011
5 - 9,4366,4178,8544,577,566,1143,4943,4744,9687,CIUDAD LINEAL / TODOS,01-01-2011,2011
10 - 14,3868,3631,7499,930,822,1752,4798,4453,9251,CIUDAD LINEAL / TODOS,01-01-2011,2011
15 - 19,4001,3764,7765,993,977,1970,4994,4741,9735,CIUDAD LINEAL / TODOS,01-01-2011,2011
20 - 24,4174,4104,8278,1393,1792,3185,5567,5896,11463,CIUDAD LINEAL / TODOS,01-01-2011,2011
25 - 29,4800,4910,9710,2666,3251,5917,7466,8161,15627,CIUDAD LINEAL / TODOS,01-01-2011,2011
30 - 34,5950,5765,11715,3249,3584,6833,9199,9349,18548,CIUDAD LINEAL / TODOS,01-01-2011,2011
35 - 39,6506,6855,13361,2693,2729,5422,9199,9584,18783,CIUDAD LINEAL / TODOS,01-01-2011,2011
40 - 44,6602,7446,14048,2082,2003,4085,8684,9449,18133,CIUDAD LINEAL / TODOS,01-01-2011,2011
45 - 49,6816,8019,14835,1317,1608,2925,8133,9627,17760,CIUDAD LINEAL / TODOS,01-01-2011,2011
50 - 54,6208,7374,13582,861,1157,2018,7069,8531,15600,CIUDAD LINEAL / TODOS,01-01-2011,2011
55 - 59,4970,6215,11185,491,697,1188,5461,6912,12373,CIUDAD LINEAL / TODOS,01-01-2011,2011
60 - 64,4803,6298,11101,272,390,662,5075,6688,11763,CIUDAD LINEAL / TODOS,01-01-2011,2011
65 - 69,4516,6240,10756,136,203,339,4652,6443,11095,CIUDAD LINEAL / TODOS,01-01-2011,2011
70 - 74,4104,6221,10325,80,136,216,4184,6357,10541,CIUDAD LINEAL / TODOS,01-01-2011,2011
75 - 79,4552,6818,11370,48,85,133,4600,6903,11503,CIUDAD LINEAL / TODOS,01-01-2011,2011
80 - 84,3243,5414,8657,38,40,78,3281,5454,8735,CIUDAD LINEAL / TODOS,01-01-2011,2011
85 - 89,1562,3213,4775,13,33,46,1575,3246,4821,CIUDAD LINEAL / TODOS,01-01-2011,2011
90 - 94,421,1215,1636,4,12,16,425,1227,1652,CIUDAD LINEAL / TODOS,01-01-2011,2011
95 - 99,94,355,449,1,4,5,95,359,454,CIUDAD LINEAL / TODOS,01-01-2011,2011
100 o más,12,47,59,1,1,2,13,48,61,CIUDAD LINEAL / TODOS,01-01-2011,2011
No Consta,2,2,4,0,0,0,2,2,4,CIUDAD LINEAL / TODOS,01-01-2011,2011
Total,73786,80681,154467,10298,12059,22357,84084,92740,176824,HORTALEZA / TODOS,01-01-2011,2011
0 - 4,4640,4433,9073,573,477,1050,5213,4910,10123,HORTALEZA / TODOS,01-01-2011,2011
5 - 9,4311,4145,8456,536,516,1052,4847,4661,9508,HORTALEZA / TODOS,01-01-2011,2011
10 - 14,3794,3568,7362,638,603,1241,4432,4171,8603,HORTALEZA / TODOS,01-01-2011,2011
15 - 19,3612,3497,7109,566,562,1128,4178,4059,8237,HORTALEZA / TODOS,01-01-2011,2011
20 - 24,3775,3555,7330,647,868,1515,4422,4423,8845,HORTALEZA / TODOS,01-01-2011,2011
25 - 29,4152,4036,8188,1166,1693,2859,5318,5729,11047,HORTALEZA / TODOS,01-01-2011,2011
30 - 34,5640,5762,11402,1531,1897,3428,7171,7659,14830,HORTALEZA / TODOS,01-01-2011,2011
35 - 39,6583,6944,13527,1369,1539,2908,7952,8483,16435,HORTALEZA / TODOS,01-01-2011,2011
40 - 44,6077,6363,12440,1116,1271,2387,7193,7634,14827,HORTALEZA / TODOS,01-01-2011,2011
45 - 49,5908,6526,12434,845,916,1761,6753,7442,14195,HORTALEZA / TODOS,01-01-2011,2011
50 - 54,5100,5490,10590,558,638,1196,5658,6128,11786,HORTALEZA / TODOS,01-01-2011,2011
55 - 59,4015,4697,8712,315,457,772,4330,5154,9484,HORTALEZA / TODOS,01-01-2011,2011
60 - 64,4090,5028,9118,185,243,428,4275,5271,9546,HORTALEZA / TODOS,01-01-2011,2011
65 - 69,3973,4642,8615,91,153,244,4064,4795,8859,HORTALEZA / TODOS,01-01-2011,2011
70 - 74,2982,3659,6641,88,102,190,3070,3761,6831,HORTALEZA / TODOS,01-01-2011,2011
75 - 79,2559,3384,5943,35,57,92,2594,3441,6035,HORTALEZA / TODOS,01-01-2011,2011
80 - 84,1588,2532,4120,23,36,59,1611,2568,4179,HORTALEZA / TODOS,01-01-2011,2011
85 - 89,742,1539,2281,12,21,33,754,1560,2314,HORTALEZA / TODOS,01-01-2011,2011
90 - 94,182,647,829,4,6,10,186,653,839,HORTALEZA / TODOS,01-01-2011,2011
95 - 99,61,209,270,0,2,2,61,211,272,HORTALEZA / TODOS,01-01-2011,2011
100 o más,2,25,27,0,2,2,2,27,29,HORTALEZA / TODOS,01-01-2011,2011
Total,55090,59875,114965,18118,16507,34625,73208,76382,149590,VILLAVERDE / TODOS,01-01-2011,2011
0 - 4,3623,3338,6961,1141,1066,2207,4764,4404,9168,VILLAVERDE / TODOS,01-01-2011,2011
5 - 9,3342,3153,6495,614,567,1181,3956,3720,7676,VILLAVERDE / TODOS,01-01-2011,2011
10 - 14,2462,2472,4934,867,841,1708,3329,3313,6642,VILLAVERDE / TODOS,01-01-2011,2011
15 - 19,2592,2500,5092,976,967,1943,3568,3467,7035,VILLAVERDE / TODOS,01-01-2011,2011
20 - 24,2763,2786,5549,1463,1589,3052,4226,4375,8601,VILLAVERDE / TODOS,01-01-2011,2011
25 - 29,2949,2838,5787,2480,2496,4976,5429,5334,10763,VILLAVERDE / TODOS,01-01-2011,2011
30 - 34,3779,3930,7709,3137,2491,5628,6916,6421,13337,VILLAVERDE / TODOS,01-01-2011,2011
35 - 39,4887,4963,9850,2642,2066,4708,7529,7029,14558,VILLAVERDE / TODOS,01-01-2011,2011
40 - 44,4814,4951,9765,1931,1546,3477,6745,6497,13242,VILLAVERDE / TODOS,01-01-2011,2011
45 - 49,4750,4612,9362,1284,1110,2394,6034,5722,11756,VILLAVERDE / TODOS,01-01-2011,2011
50 - 54,3611,3722,7333,865,725,1590,4476,4447,8923,VILLAVERDE / TODOS,01-01-2011,2011
55 - 59,2615,2864,5479,382,477,859,2997,3341,6338,VILLAVERDE / TODOS,01-01-2011,2011
60 - 64,2482,3023,5505,166,265,431,2648,3288,5936,VILLAVERDE / TODOS,01-01-2011,2011
65 - 69,2602,3269,5871,68,120,188,2670,3389,6059,VILLAVERDE / TODOS,01-01-2011,2011
70 - 74,2642,3546,6188,59,86,145,2701,3632,6333,VILLAVERDE / TODOS,01-01-2011,2011
75 - 79,2724,3630,6354,24,55,79,2748,3685,6433,VILLAVERDE / TODOS,01-01-2011,2011
80 - 84,1610,2464,4074,17,28,45,1627,2492,4119,VILLAVERDE / TODOS,01-01-2011,2011
85 - 89,665,1277,1942,2,10,12,667,1287,1954,VILLAVERDE / TODOS,01-01-2011,2011
90 - 94,147,404,551,0,2,2,147,406,553,VILLAVERDE / TODOS,01-01-2011,2011
95 - 99,29,113,142,0,0,0,29,113,142,VILLAVERDE / TODOS,01-01-2011,2011
100 o más,2,20,22,0,0,0,2,20,22,VILLAVERDE / TODOS,01-01-2011,2011
Total,37813,39822,77635,7744,7415,15159,45557,47237,92794,VILLA DE VALLECAS / TODOS,01-01-2011,2011
0 - 4,2714,2486,5200,530,509,1039,3244,2995,6239,VILLA DE VALLECAS / TODOS,01-01-2011,2011
5 - 9,2197,2006,4203,392,388,780,2589,2394,4983,VILLA DE VALLECAS / TODOS,01-01-2011,2011
10 - 14,1780,1696,3476,426,393,819,2206,2089,4295,VILLA DE VALLECAS / TODOS,01-01-2011,2011
15 - 19,1904,1741,3645,404,381,785,2308,2122,4430,VILLA DE VALLECAS / TODOS,01-01-2011,2011
20 - 24,2079,1974,4053,678,675,1353,2757,2649,5406,VILLA DE VALLECAS / TODOS,01-01-2011,2011
25 - 29,2647,2937,5584,1073,1168,2241,3720,4105,7825,VILLA DE VALLECAS / TODOS,01-01-2011,2011
30 - 34,4422,4603,9025,1313,1180,2493,5735,5783,11518,VILLA DE VALLECAS / TODOS,01-01-2011,2011
35 - 39,4159,3958,8117,1025,826,1851,5184,4784,9968,VILLA DE VALLECAS / TODOS,01-01-2011,2011
40 - 44,2992,3069,6061,755,691,1446,3747,3760,7507,VILLA DE VALLECAS / TODOS,01-01-2011,2011
45 - 49,2744,3013,5757,479,449,928,3223,3462,6685,VILLA DE VALLECAS / TODOS,01-01-2011,2011
50 - 54,2418,2490,4908,342,335,677,2760,2825,5585,VILLA DE VALLECAS / TODOS,01-01-2011,2011
55 - 59,1832,2106,3938,185,191,376,2017,2297,4314,VILLA DE VALLECAS / TODOS,01-01-2011,2011
60 - 64,1766,1857,3623,63,83,146,1829,1940,3769,VILLA DE VALLECAS / TODOS,01-01-2011,2011
65 - 69,1253,1444,2697,41,59,100,1294,1503,2797,VILLA DE VALLECAS / TODOS,01-01-2011,2011
70 - 74,1045,1376,2421,21,33,54,1066,1409,2475,VILLA DE VALLECAS / TODOS,01-01-2011,2011
75 - 79,956,1323,2279,7,27,34,963,1350,2313,VILLA DE VALLECAS / TODOS,01-01-2011,2011
80 - 84,562,909,1471,4,15,19,566,924,1490,VILLA DE VALLECAS / TODOS,01-01-2011,2011
85 - 89,243,566,809,6,9,15,249,575,824,VILLA DE VALLECAS / TODOS,01-01-2011,2011
90 - 94,87,216,303,0,2,2,87,218,305,VILLA DE VALLECAS / TODOS,01-01-2011,2011
95 - 99,13,43,56,0,1,1,13,44,57,VILLA DE VALLECAS / TODOS,01-01-2011,2011
100 o más,0,9,9,0,0,0,0,9,9,VILLA DE VALLECAS / TODOS,01-01-2011,2011
Total,29231,30416,59647,6088,5737,11825,35319,36153,71472,VICALVARO / TODOS,01-01-2011,2011
0 - 4,2324,2152,4476,363,363,726,2687,2515,5202,VICALVARO / TODOS,01-01-2011,2011
5 - 9,1971,2017,3988,228,216,444,2199,2233,4432,VICALVARO / TODOS,01-01-2011,2011
10 - 14,1631,1518,3149,299,270,569,1930,1788,3718,VICALVARO / TODOS,01-01-2011,2011
15 - 19,1367,1312,2679,300,277,577,1667,1589,3256,VICALVARO / TODOS,01-01-2011,2011
20 - 24,1257,1183,2440,564,585,1149,1821,1768,3589,VICALVARO / TODOS,01-01-2011,2011
25 - 29,1352,1265,2617,854,908,1762,2206,2173,4379,VICALVARO / TODOS,01-01-2011,2011
30 - 34,2052,2243,4295,1059,919,1978,3111,3162,6273,VICALVARO / TODOS,01-01-2011,2011
35 - 39,3416,3465,6881,823,660,1483,4239,4125,8364,VICALVARO / TODOS,01-01-2011,2011
40 - 44,3123,3176,6299,630,517,1147,3753,3693,7446,VICALVARO / TODOS,01-01-2011,2011
45 - 49,2716,2588,5304,400,395,795,3116,2983,6099,VICALVARO / TODOS,01-01-2011,2011
50 - 54,1822,1841,3663,275,273,548,2097,2114,4211,VICALVARO / TODOS,01-01-2011,2011
55 - 59,1144,1194,2338,160,131,291,1304,1325,2629,VICALVARO / TODOS,01-01-2011,2011
60 - 64,982,1266,2248,66,97,163,1048,1363,2411,VICALVARO / TODOS,01-01-2011,2011
65 - 69,1129,1436,2565,26,56,82,1155,1492,2647,VICALVARO / TODOS,01-01-2011,2011
70 - 74,1217,1384,2601,20,35,55,1237,1419,2656,VICALVARO / TODOS,01-01-2011,2011
75 - 79,959,1084,2043,13,23,36,972,1107,2079,VICALVARO / TODOS,01-01-2011,2011
80 - 84,498,723,1221,5,6,11,503,729,1232,VICALVARO / TODOS,01-01-2011,2011
85 - 89,200,379,579,2,4,6,202,383,585,VICALVARO / TODOS,01-01-2011,2011
90 - 94,56,137,193,1,2,3,57,139,196,VICALVARO / TODOS,01-01-2011,2011
95 - 99,13,49,62,0,0,0,13,49,62,VICALVARO / TODOS,01-01-2011,2011
100 o más,1,4,5,0,0,0,1,4,5,VICALVARO / TODOS,01-01-2011,2011
No Consta,1,0,1,0,0,0,1,0,1,VICALVARO / TODOS,01-01-2011,2011
Total,64716,71364,136080,10802,11446,22248,75518,82810,158328,SAN BLAS-CANILLEJAS / TODOS,01-01-2011,2011
0 - 4,3839,3660,7499,464,546,1010,4303,4206,8509,SAN BLAS-CANILLEJAS / TODOS,01-01-2011,2011
5 - 9,4288,4066,8354,379,385,764,4667,4451,9118,SAN BLAS-CANILLEJAS / TODOS,01-01-2011,2011
10 - 14,3273,3170,6443,584,560,1144,3857,3730,7587,SAN BLAS-CANILLEJAS / TODOS,01-01-2011,2011
15 - 19,3072,2889,5961,552,624,1176,3624,3513,7137,SAN BLAS-CANILLEJAS / TODOS,01-01-2011,2011
20 - 24,3092,2960,6052,860,985,1845,3952,3945,7897,SAN BLAS-CANILLEJAS / TODOS,01-01-2011,2011
25 - 29,3365,3156,6521,1504,1738,3242,4869,4894,9763,SAN BLAS-CANILLEJAS / TODOS,01-01-2011,2011
30 - 34,4144,4300,8444,1837,1898,3735,5981,6198,12179,SAN BLAS-CANILLEJAS / TODOS,01-01-2011,2011
35 - 39,5467,5920,11387,1619,1442,3061,7086,7362,14448,SAN BLAS-CANILLEJAS / TODOS,01-01-2011,2011
40 - 44,6622,6731,13353,1192,1141,2333,7814,7872,15686,SAN BLAS-CANILLEJAS / TODOS,01-01-2011,2011
45 - 49,6077,6237,12314,746,794,1540,6823,7031,13854,SAN BLAS-CANILLEJAS / TODOS,01-01-2011,2011
50 - 54,4844,5023,9867,506,572,1078,5350,5595,10945,SAN BLAS-CANILLEJAS / TODOS,01-01-2011,2011
55 - 59,3319,3585,6904,264,348,612,3583,3933,7516,SAN BLAS-CANILLEJAS / TODOS,01-01-2011,2011
60 - 64,2847,3226,6073,175,201,376,3022,3427,6449,SAN BLAS-CANILLEJAS / TODOS,01-01-2011,2011
65 - 69,2410,2958,5368,45,106,151,2455,3064,5519,SAN BLAS-CANILLEJAS / TODOS,01-01-2011,2011
70 - 74,2284,3461,5745,38,55,93,2322,3516,5838,SAN BLAS-CANILLEJAS / TODOS,01-01-2011,2011
75 - 79,2715,4111,6826,24,28,52,2739,4139,6878,SAN BLAS-CANILLEJAS / TODOS,01-01-2011,2011
80 - 84,2011,3339,5350,9,19,28,2020,3358,5378,SAN BLAS-CANILLEJAS / TODOS,01-01-2011,2011
85 - 89,807,1839,2646,4,2,6,811,1841,2652,SAN BLAS-CANILLEJAS / TODOS,01-01-2011,2011
90 - 94,198,560,758,0,2,2,198,562,760,SAN BLAS-CANILLEJAS / TODOS,01-01-2011,2011
95 - 99,37,143,180,0,0,0,37,143,180,SAN BLAS-CANILLEJAS / TODOS,01-01-2011,2011
100 o más,5,29,34,0,0,0,5,29,34,SAN BLAS-CANILLEJAS / TODOS,01-01-2011,2011
No Consta,0,1,1,0,0,0,0,1,1,SAN BLAS-CANILLEJAS / TODOS,01-01-2011,2011
Total,19784,20643,40427,2906,3240,6146,22690,23883,46573,BARAJAS / TODOS,01-01-2011,2011
0 - 4,1330,1219,2549,143,150,293,1473,1369,2842,BARAJAS / TODOS,01-01-2011,2011
5 - 9,1349,1224,2573,139,110,249,1488,1334,2822,BARAJAS / TODOS,01-01-2011,2011
10 - 14,972,922,1894,152,126,278,1124,1048,2172,BARAJAS / TODOS,01-01-2011,2011
15 - 19,888,825,1713,123,157,280,1011,982,1993,BARAJAS / TODOS,01-01-2011,2011
20 - 24,886,896,1782,197,248,445,1083,1144,2227,BARAJAS / TODOS,01-01-2011,2011
25 - 29,1243,1129,2372,327,455,782,1570,1584,3154,BARAJAS / TODOS,01-01-2011,2011
30 - 34,1602,1590,3192,443,552,995,2045,2142,4187,BARAJAS / TODOS,01-01-2011,2011
35 - 39,1938,2027,3965,437,421,858,2375,2448,4823,BARAJAS / TODOS,01-01-2011,2011
40 - 44,1735,1773,3508,366,346,712,2101,2119,4220,BARAJAS / TODOS,01-01-2011,2011
45 - 49,1550,1658,3208,222,238,460,1772,1896,3668,BARAJAS / TODOS,01-01-2011,2011
50 - 54,1291,1290,2581,150,165,315,1441,1455,2896,BARAJAS / TODOS,01-01-2011,2011
55 - 59,1054,1272,2326,92,110,202,1146,1382,2528,BARAJAS / TODOS,01-01-2011,2011
60 - 64,1194,1399,2593,58,57,115,1252,1456,2708,BARAJAS / TODOS,01-01-2011,2011
65 - 69,1008,1142,2150,24,51,75,1032,1193,2225,BARAJAS / TODOS,01-01-2011,2011
70 - 74,748,736,1484,17,24,41,765,760,1525,BARAJAS / TODOS,01-01-2011,2011
75 - 79,505,596,1101,11,14,25,516,610,1126,BARAJAS / TODOS,01-01-2011,2011
80 - 84,274,461,735,3,7,10,277,468,745,BARAJAS / TODOS,01-01-2011,2011
85 - 89,160,307,467,1,7,8,161,314,475,BARAJAS / TODOS,01-01-2011,2011
90 - 94,47,127,174,1,2,3,48,129,177,BARAJAS / TODOS,01-01-2011,2011
95 - 99,8,44,52,0,0,0,8,44,52,BARAJAS / TODOS,01-01-2011,2011
100 o más,2,6,8,0,0,0,2,6,8,BARAJAS / TODOS,01-01-2011,2011
Total,50379,55588,105967,19144,15650,34794,69523,71238,140761,CENTRO / TODOS,01-01-2012,2012
0 - 4,1734,1741,3475,757,707,1464,2491,2448,4939,CENTRO / TODOS,01-01-2012,2012
5 - 9,1566,1580,3146,345,340,685,1911,1920,3831,CENTRO / TODOS,01-01-2012,2012
10 - 14,1361,1323,2684,371,338,709,1732,1661,3393,CENTRO / TODOS,01-01-2012,2012
15 - 19,1375,1252,2627,549,446,995,1924,1698,3622,CENTRO / TODOS,01-01-2012,2012
20 - 24,1785,1732,3517,1284,1184,2468,3069,2916,5985,CENTRO / TODOS,01-01-2012,2012
25 - 29,3414,3586,7000,3190,2955,6145,6604,6541,13145,CENTRO / TODOS,01-01-2012,2012
30 - 34,5503,5352,10855,4073,3079,7152,9576,8431,18007,CENTRO / TODOS,01-01-2012,2012
35 - 39,5954,5310,11264,3149,2080,5229,9103,7390,16493,CENTRO / TODOS,01-01-2012,2012
40 - 44,5310,4400,9710,2210,1484,3694,7520,5884,13404,CENTRO / TODOS,01-01-2012,2012
45 - 49,4668,4290,8958,1366,1062,2428,6034,5352,11386,CENTRO / TODOS,01-01-2012,2012
50 - 54,3937,4113,8050,815,763,1578,4752,4876,9628,CENTRO / TODOS,01-01-2012,2012
55 - 59,3242,3532,6774,491,503,994,3733,4035,7768,CENTRO / TODOS,01-01-2012,2012
60 - 64,2724,3122,5846,227,287,514,2951,3409,6360,CENTRO / TODOS,01-01-2012,2012
65 - 69,2185,2797,4982,156,181,337,2341,2978,5319,CENTRO / TODOS,01-01-2012,2012
70 - 74,1650,2405,4055,76,96,172,1726,2501,4227,CENTRO / TODOS,01-01-2012,2012
75 - 79,1537,2769,4306,47,79,126,1584,2848,4432,CENTRO / TODOS,01-01-2012,2012
80 - 84,1401,2779,4180,27,33,60,1428,2812,4240,CENTRO / TODOS,01-01-2012,2012
85 - 89,704,2116,2820,9,24,33,713,2140,2853,CENTRO / TODOS,01-01-2012,2012
90 - 94,258,1024,1282,2,8,10,260,1032,1292,CENTRO / TODOS,01-01-2012,2012
95 - 99,64,313,377,0,1,1,64,314,378,CENTRO / TODOS,01-01-2012,2012
100 o más,7,51,58,0,0,0,7,51,58,CENTRO / TODOS,01-01-2012,2012
No Consta,0,1,1,0,0,0,0,1,1,CENTRO / TODOS,01-01-2012,2012
Total,61697,72003,133700,10008,10723,20731,71705,82726,154431,ARGANZUELA / TODOS,01-01-2012,2012
0 - 4,2900,2959,5859,422,488,910,3322,3447,6769,ARGANZUELA / TODOS,01-01-2012,2012
5 - 9,2911,2882,5793,213,208,421,3124,3090,6214,ARGANZUELA / TODOS,01-01-2012,2012
10 - 14,2769,2560,5329,332,304,636,3101,2864,5965,ARGANZUELA / TODOS,01-01-2012,2012
15 - 19,2543,2485,5028,418,389,807,2961,2874,5835,ARGANZUELA / TODOS,01-01-2012,2012
20 - 24,2783,2686,5469,646,871,1517,3429,3557,6986,ARGANZUELA / TODOS,01-01-2012,2012
25 - 29,3974,4071,8045,1495,1825,3320,5469,5896,11365,ARGANZUELA / TODOS,01-01-2012,2012
30 - 34,5381,5224,10605,1939,1986,3925,7320,7210,14530,ARGANZUELA / TODOS,01-01-2012,2012
35 - 39,5276,5794,11070,1549,1439,2988,6825,7233,14058,ARGANZUELA / TODOS,01-01-2012,2012
40 - 44,5315,5702,11017,1139,1021,2160,6454,6723,13177,ARGANZUELA / TODOS,01-01-2012,2012
45 - 49,5507,5974,11481,767,813,1580,6274,6787,13061,ARGANZUELA / TODOS,01-01-2012,2012
50 - 54,4931,5886,10817,481,516,997,5412,6402,11814,ARGANZUELA / TODOS,01-01-2012,2012
55 - 59,4231,5127,9358,282,385,667,4513,5512,10025,ARGANZUELA / TODOS,01-01-2012,2012
60 - 64,3559,4334,7893,155,212,367,3714,4546,8260,ARGANZUELA / TODOS,01-01-2012,2012
65 - 69,2691,3548,6239,73,115,188,2764,3663,6427,ARGANZUELA / TODOS,01-01-2012,2012
70 - 74,1969,2899,4868,49,66,115,2018,2965,4983,ARGANZUELA / TODOS,01-01-2012,2012
75 - 79,2043,3387,5430,21,43,64,2064,3430,5494,ARGANZUELA / TODOS,01-01-2012,2012
80 - 84,1611,2960,4571,11,15,26,1622,2975,4597,ARGANZUELA / TODOS,01-01-2012,2012
85 - 89,902,2159,3061,12,18,30,914,2177,3091,ARGANZUELA / TODOS,01-01-2012,2012
90 - 94,326,1049,1375,3,9,12,329,1058,1387,ARGANZUELA / TODOS,01-01-2012,2012
95 - 99,67,272,339,0,0,0,67,272,339,ARGANZUELA / TODOS,01-01-2012,2012
100 o más,7,44,51,1,0,1,8,44,52,ARGANZUELA / TODOS,01-01-2012,2012
No Consta,1,1,2,0,0,0,1,1,2,ARGANZUELA / TODOS,01-01-2012,2012
Total,50521,60614,111135,4470,5943,10413,54991,66557,121548,RETIRO / TODOS,01-01-2012,2012
0 - 4,2231,2159,4390,205,201,406,2436,2360,4796,RETIRO / TODOS,01-01-2012,2012
5 - 9,2274,2173,4447,111,112,223,2385,2285,4670,RETIRO / TODOS,01-01-2012,2012
10 - 14,2124,1981,4105,159,150,309,2283,2131,4414,RETIRO / TODOS,01-01-2012,2012
15 - 19,2110,2196,4306,163,163,326,2273,2359,4632,RETIRO / TODOS,01-01-2012,2012
20 - 24,2455,2341,4796,264,435,699,2719,2776,5495,RETIRO / TODOS,01-01-2012,2012
25 - 29,3262,3320,6582,637,968,1605,3899,4288,8187,RETIRO / TODOS,01-01-2012,2012
30 - 34,3847,3869,7716,793,1002,1795,4640,4871,9511,RETIRO / TODOS,01-01-2012,2012
35 - 39,3979,4050,8029,677,802,1479,4656,4852,9508,RETIRO / TODOS,01-01-2012,2012
40 - 44,3645,3896,7541,499,628,1127,4144,4524,8668,RETIRO / TODOS,01-01-2012,2012
45 - 49,3755,4169,7924,313,454,767,4068,4623,8691,RETIRO / TODOS,01-01-2012,2012
50 - 54,3579,4474,8053,244,408,652,3823,4882,8705,RETIRO / TODOS,01-01-2012,2012
55 - 59,3428,4593,8021,134,250,384,3562,4843,8405,RETIRO / TODOS,01-01-2012,2012
60 - 64,3386,4405,7791,89,138,227,3475,4543,8018,RETIRO / TODOS,01-01-2012,2012
65 - 69,3038,3977,7015,64,90,154,3102,4067,7169,RETIRO / TODOS,01-01-2012,2012
70 - 74,2284,3191,5475,57,66,123,2341,3257,5598,RETIRO / TODOS,01-01-2012,2012
75 - 79,2167,3273,5440,37,28,65,2204,3301,5505,RETIRO / TODOS,01-01-2012,2012
80 - 84,1587,3070,4657,11,14,25,1598,3084,4682,RETIRO / TODOS,01-01-2012,2012
85 - 89,965,2125,3090,12,18,30,977,2143,3120,RETIRO / TODOS,01-01-2012,2012
90 - 94,322,978,1300,0,8,8,322,986,1308,RETIRO / TODOS,01-01-2012,2012
95 - 99,71,322,393,1,4,5,72,326,398,RETIRO / TODOS,01-01-2012,2012
100 o más,12,52,64,0,3,3,12,55,67,RETIRO / TODOS,01-01-2012,2012
No Consta,0,0,0,0,1,1,0,1,1,RETIRO / TODOS,01-01-2012,2012
Total,56289,71518,127807,7868,10985,18853,64157,82503,146660,SALAMANCA / TODOS,01-01-2012,2012
0 - 4,2508,2371,4879,357,316,673,2865,2687,5552,SALAMANCA / TODOS,01-01-2012,2012
5 - 9,2381,2386,4767,183,153,336,2564,2539,5103,SALAMANCA / TODOS,01-01-2012,2012
10 - 14,2279,2257,4536,183,228,411,2462,2485,4947,SALAMANCA / TODOS,01-01-2012,2012
15 - 19,2323,2265,4588,288,253,541,2611,2518,5129,SALAMANCA / TODOS,01-01-2012,2012
20 - 24,2658,2659,5317,517,737,1254,3175,3396,6571,SALAMANCA / TODOS,01-01-2012,2012
25 - 29,3671,4036,7707,1229,2046,3275,4900,6082,10982,SALAMANCA / TODOS,01-01-2012,2012
30 - 34,4517,4722,9239,1542,1952,3494,6059,6674,12733,SALAMANCA / TODOS,01-01-2012,2012
35 - 39,4486,4874,9360,1101,1499,2600,5587,6373,11960,SALAMANCA / TODOS,01-01-2012,2012
40 - 44,4155,4693,8848,781,1039,1820,4936,5732,10668,SALAMANCA / TODOS,01-01-2012,2012
45 - 49,4318,5079,9397,573,869,1442,4891,5948,10839,SALAMANCA / TODOS,01-01-2012,2012
50 - 54,4053,5079,9132,353,704,1057,4406,5783,10189,SALAMANCA / TODOS,01-01-2012,2012
55 - 59,3719,4800,8519,250,488,738,3969,5288,9257,SALAMANCA / TODOS,01-01-2012,2012
60 - 64,3554,4812,8366,193,298,491,3747,5110,8857,SALAMANCA / TODOS,01-01-2012,2012
65 - 69,3117,4473,7590,114,134,248,3231,4607,7838,SALAMANCA / TODOS,01-01-2012,2012
70 - 74,2332,3745,6077,77,103,180,2409,3848,6257,SALAMANCA / TODOS,01-01-2012,2012
75 - 79,2396,4391,6787,53,57,110,2449,4448,6897,SALAMANCA / TODOS,01-01-2012,2012
80 - 84,2068,3901,5969,43,43,86,2111,3944,6055,SALAMANCA / TODOS,01-01-2012,2012
85 - 89,1173,2946,4119,20,31,51,1193,2977,4170,SALAMANCA / TODOS,01-01-2012,2012
90 - 94,448,1446,1894,8,22,30,456,1468,1924,SALAMANCA / TODOS,01-01-2012,2012
95 - 99,118,489,607,0,9,9,118,498,616,SALAMANCA / TODOS,01-01-2012,2012
100 o más,15,94,109,3,4,7,18,98,116,SALAMANCA / TODOS,01-01-2012,2012
Total,59072,70842,129914,6221,9584,15805,65293,80426,145719,CHAMARTIN / TODOS,01-01-2012,2012
0 - 4,3135,2996,6131,286,297,583,3421,3293,6714,CHAMARTIN / TODOS,01-01-2012,2012
5 - 9,2883,2791,5674,178,200,378,3061,2991,6052,CHAMARTIN / TODOS,01-01-2012,2012
10 - 14,2694,2587,5281,177,217,394,2871,2804,5675,CHAMARTIN / TODOS,01-01-2012,2012
15 - 19,2850,2652,5502,229,220,449,3079,2872,5951,CHAMARTIN / TODOS,01-01-2012,2012
20 - 24,2903,2809,5712,341,649,990,3244,3458,6702,CHAMARTIN / TODOS,01-01-2012,2012
25 - 29,3714,3642,7356,811,1496,2307,4525,5138,9663,CHAMARTIN / TODOS,01-01-2012,2012
30 - 34,4547,4594,9141,1105,1648,2753,5652,6242,11894,CHAMARTIN / TODOS,01-01-2012,2012
35 - 39,4769,4951,9720,880,1339,2219,5649,6290,11939,CHAMARTIN / TODOS,01-01-2012,2012
40 - 44,4350,4866,9216,661,1007,1668,5011,5873,10884,CHAMARTIN / TODOS,01-01-2012,2012
45 - 49,4349,5112,9461,513,786,1299,4862,5898,10760,CHAMARTIN / TODOS,01-01-2012,2012
50 - 54,4058,5120,9178,340,590,930,4398,5710,10108,CHAMARTIN / TODOS,01-01-2012,2012
55 - 59,3676,4736,8412,206,410,616,3882,5146,9028,CHAMARTIN / TODOS,01-01-2012,2012
60 - 64,3545,4636,8181,146,241,387,3691,4877,8568,CHAMARTIN / TODOS,01-01-2012,2012
65 - 69,3156,4384,7540,100,177,277,3256,4561,7817,CHAMARTIN / TODOS,01-01-2012,2012
70 - 74,2414,3684,6098,98,99,197,2512,3783,6295,CHAMARTIN / TODOS,01-01-2012,2012
75 - 79,2424,3860,6284,62,83,145,2486,3943,6429,CHAMARTIN / TODOS,01-01-2012,2012
80 - 84,1872,3494,5366,50,54,104,1922,3548,5470,CHAMARTIN / TODOS,01-01-2012,2012
85 - 89,1212,2452,3664,21,43,64,1233,2495,3728,CHAMARTIN / TODOS,01-01-2012,2012
90 - 94,394,1091,1485,13,21,34,407,1112,1519,CHAMARTIN / TODOS,01-01-2012,2012
95 - 99,113,336,449,3,3,6,116,339,455,CHAMARTIN / TODOS,01-01-2012,2012
100 o más,14,49,63,1,3,4,15,52,67,CHAMARTIN / TODOS,01-01-2012,2012
No Consta,0,0,0,0,1,1,0,1,1,CHAMARTIN / TODOS,01-01-2012,2012
Total,56289,67965,124254,14743,17454,32197,71032,85419,156451,TETUAN / TODOS,01-01-2012,2012
0 - 4,2635,2495,5130,887,782,1669,3522,3277,6799,TETUAN / TODOS,01-01-2012,2012
5 - 9,2372,2372,4744,411,418,829,2783,2790,5573,TETUAN / TODOS,01-01-2012,2012
10 - 14,2207,2050,4257,517,509,1026,2724,2559,5283,TETUAN / TODOS,01-01-2012,2012
15 - 19,2313,2120,4433,649,680,1329,2962,2800,5762,TETUAN / TODOS,01-01-2012,2012
20 - 24,2599,2627,5226,1052,1598,2650,3651,4225,7876,TETUAN / TODOS,01-01-2012,2012
25 - 29,3947,3989,7936,2125,2946,5071,6072,6935,13007,TETUAN / TODOS,01-01-2012,2012
30 - 34,4946,4818,9764,2685,3092,5777,7631,7910,15541,TETUAN / TODOS,01-01-2012,2012
35 - 39,4865,5115,9980,2093,2262,4355,6958,7377,14335,TETUAN / TODOS,01-01-2012,2012
40 - 44,4557,4755,9312,1601,1694,3295,6158,6449,12607,TETUAN / TODOS,01-01-2012,2012
45 - 49,4293,5161,9454,1147,1252,2399,5440,6413,11853,TETUAN / TODOS,01-01-2012,2012
50 - 54,4065,4910,8975,677,879,1556,4742,5789,10531,TETUAN / TODOS,01-01-2012,2012
55 - 59,3368,4412,7780,411,557,968,3779,4969,8748,TETUAN / TODOS,01-01-2012,2012
60 - 64,3046,4068,7114,211,325,536,3257,4393,7650,TETUAN / TODOS,01-01-2012,2012
65 - 69,2725,3845,6570,109,200,309,2834,4045,6879,TETUAN / TODOS,01-01-2012,2012
70 - 74,2231,3302,5533,66,118,184,2297,3420,5717,TETUAN / TODOS,01-01-2012,2012
75 - 79,2444,4144,6588,47,71,118,2491,4215,6706,TETUAN / TODOS,01-01-2012,2012
80 - 84,2034,3726,5760,34,46,80,2068,3772,5840,TETUAN / TODOS,01-01-2012,2012
85 - 89,1152,2582,3734,13,16,29,1165,2598,3763,TETUAN / TODOS,01-01-2012,2012
90 - 94,399,1120,1519,5,7,12,404,1127,1531,TETUAN / TODOS,01-01-2012,2012
95 - 99,79,299,378,3,2,5,82,301,383,TETUAN / TODOS,01-01-2012,2012
100 o más,12,54,66,0,0,0,12,54,66,TETUAN / TODOS,01-01-2012,2012
No Consta,0,1,1,0,0,0,0,1,1,TETUAN / TODOS,01-01-2012,2012
Total,53961,70185,124146,7584,10338,17922,61545,80523,142068,CHAMBERI / TODOS,01-01-2012,2012
0 - 4,2261,2201,4462,343,306,649,2604,2507,5111,CHAMBERI / TODOS,01-01-2012,2012
5 - 9,2242,2126,4368,168,174,342,2410,2300,4710,CHAMBERI / TODOS,01-01-2012,2012
10 - 14,2075,2018,4093,201,187,388,2276,2205,4481,CHAMBERI / TODOS,01-01-2012,2012
15 - 19,2130,2046,4176,237,289,526,2367,2335,4702,CHAMBERI / TODOS,01-01-2012,2012
20 - 24,2492,2509,5001,504,845,1349,2996,3354,6350,CHAMBERI / TODOS,01-01-2012,2012
25 - 29,3742,4326,8068,1175,1800,2975,4917,6126,11043,CHAMBERI / TODOS,01-01-2012,2012
30 - 34,4678,4879,9557,1494,1900,3394,6172,6779,12951,CHAMBERI / TODOS,01-01-2012,2012
35 - 39,4476,4822,9298,1083,1327,2410,5559,6149,11708,CHAMBERI / TODOS,01-01-2012,2012
40 - 44,3906,4336,8242,804,940,1744,4710,5276,9986,CHAMBERI / TODOS,01-01-2012,2012
45 - 49,3867,4680,8547,542,832,1374,4409,5512,9921,CHAMBERI / TODOS,01-01-2012,2012
50 - 54,3774,4886,8660,391,614,1005,4165,5500,9665,CHAMBERI / TODOS,01-01-2012,2012
55 - 59,3627,4969,8596,238,491,729,3865,5460,9325,CHAMBERI / TODOS,01-01-2012,2012
60 - 64,3500,4733,8233,159,279,438,3659,5012,8671,CHAMBERI / TODOS,01-01-2012,2012
65 - 69,3006,4484,7490,96,152,248,3102,4636,7738,CHAMBERI / TODOS,01-01-2012,2012
70 - 74,2213,3608,5821,61,68,129,2274,3676,5950,CHAMBERI / TODOS,01-01-2012,2012
75 - 79,2328,4160,6488,41,46,87,2369,4206,6575,CHAMBERI / TODOS,01-01-2012,2012
80 - 84,1882,4069,5951,20,50,70,1902,4119,6021,CHAMBERI / TODOS,01-01-2012,2012
85 - 89,1175,3107,4282,18,24,42,1193,3131,4324,CHAMBERI / TODOS,01-01-2012,2012
90 - 94,452,1614,2066,7,6,13,459,1620,2079,CHAMBERI / TODOS,01-01-2012,2012
95 - 99,124,504,628,0,5,5,124,509,633,CHAMBERI / TODOS,01-01-2012,2012
100 o más,11,108,119,2,3,5,13,111,124,CHAMBERI / TODOS,01-01-2012,2012
Total,99780,111155,210935,10130,12357,22487,109910,123512,233422,FUENCARRAL-EL PARDO / TODOS,01-01-2012,2012
0 - 4,6774,6318,13092,649,575,1224,7423,6893,14316,FUENCARRAL-EL PARDO / TODOS,01-01-2012,2012
5 - 9,5446,5205,10651,367,400,767,5813,5605,11418,FUENCARRAL-EL PARDO / TODOS,01-01-2012,2012
10 - 14,4592,4390,8982,409,372,781,5001,4762,9763,FUENCARRAL-EL PARDO / TODOS,01-01-2012,2012
15 - 19,4367,4278,8645,503,462,965,4870,4740,9610,FUENCARRAL-EL PARDO / TODOS,01-01-2012,2012
20 - 24,4859,4717,9576,676,906,1582,5535,5623,11158,FUENCARRAL-EL PARDO / TODOS,01-01-2012,2012
25 - 29,6146,6052,12198,1291,1882,3173,7437,7934,15371,FUENCARRAL-EL PARDO / TODOS,01-01-2012,2012
30 - 34,7994,8165,16159,1786,2228,4014,9780,10393,20173,FUENCARRAL-EL PARDO / TODOS,01-01-2012,2012
35 - 39,9278,9680,18958,1487,1663,3150,10765,11343,22108,FUENCARRAL-EL PARDO / TODOS,01-01-2012,2012
40 - 44,7629,7800,15429,1048,1191,2239,8677,8991,17668,FUENCARRAL-EL PARDO / TODOS,01-01-2012,2012
45 - 49,6772,7563,14335,729,859,1588,7501,8422,15923,FUENCARRAL-EL PARDO / TODOS,01-01-2012,2012
50 - 54,6275,7423,13698,476,684,1160,6751,8107,14858,FUENCARRAL-EL PARDO / TODOS,01-01-2012,2012
55 - 59,5676,7209,12885,279,465,744,5955,7674,13629,FUENCARRAL-EL PARDO / TODOS,01-01-2012,2012
60 - 64,6127,7710,13837,178,283,461,6305,7993,14298,FUENCARRAL-EL PARDO / TODOS,01-01-2012,2012
65 - 69,5908,6882,12790,85,143,228,5993,7025,13018,FUENCARRAL-EL PARDO / TODOS,01-01-2012,2012
70 - 74,4228,5086,9314,77,100,177,4305,5186,9491,FUENCARRAL-EL PARDO / TODOS,01-01-2012,2012
75 - 79,3624,4945,8569,49,69,118,3673,5014,8687,FUENCARRAL-EL PARDO / TODOS,01-01-2012,2012
80 - 84,2380,3736,6116,26,30,56,2406,3766,6172,FUENCARRAL-EL PARDO / TODOS,01-01-2012,2012
85 - 89,1259,2523,3782,14,26,40,1273,2549,3822,FUENCARRAL-EL PARDO / TODOS,01-01-2012,2012
90 - 94,359,1067,1426,1,12,13,360,1079,1439,FUENCARRAL-EL PARDO / TODOS,01-01-2012,2012
95 - 99,73,354,427,0,5,5,73,359,432,FUENCARRAL-EL PARDO / TODOS,01-01-2012,2012
100 o más,14,52,66,0,2,2,14,54,68,FUENCARRAL-EL PARDO / TODOS,01-01-2012,2012
Total,48013,55759,103772,5683,8125,13808,53696,63884,117580,MONCLOA-ARAVACA / TODOS,01-01-2012,2012
0 - 4,2457,2252,4709,281,268,549,2738,2520,5258,MONCLOA-ARAVACA / TODOS,01-01-2012,2012
5 - 9,2831,2692,5523,170,143,313,3001,2835,5836,MONCLOA-ARAVACA / TODOS,01-01-2012,2012
10 - 14,2544,2549,5093,190,229,419,2734,2778,5512,MONCLOA-ARAVACA / TODOS,01-01-2012,2012
15 - 19,2400,2370,4770,208,247,455,2608,2617,5225,MONCLOA-ARAVACA / TODOS,01-01-2012,2012
20 - 24,2305,2311,4616,437,684,1121,2742,2995,5737,MONCLOA-ARAVACA / TODOS,01-01-2012,2012
25 - 29,2852,2838,5690,826,1317,2143,3678,4155,7833,MONCLOA-ARAVACA / TODOS,01-01-2012,2012
30 - 34,3131,3159,6290,989,1454,2443,4120,4613,8733,MONCLOA-ARAVACA / TODOS,01-01-2012,2012
35 - 39,3444,3730,7174,841,1012,1853,4285,4742,9027,MONCLOA-ARAVACA / TODOS,01-01-2012,2012
40 - 44,3687,3992,7679,549,838,1387,4236,4830,9066,MONCLOA-ARAVACA / TODOS,01-01-2012,2012
45 - 49,3931,4270,8201,454,653,1107,4385,4923,9308,MONCLOA-ARAVACA / TODOS,01-01-2012,2012
50 - 54,3572,4037,7609,302,497,799,3874,4534,8408,MONCLOA-ARAVACA / TODOS,01-01-2012,2012
55 - 59,3006,3753,6759,174,351,525,3180,4104,7284,MONCLOA-ARAVACA / TODOS,01-01-2012,2012
60 - 64,2958,3595,6553,94,171,265,3052,3766,6818,MONCLOA-ARAVACA / TODOS,01-01-2012,2012
65 - 69,2522,3280,5802,66,104,170,2588,3384,5972,MONCLOA-ARAVACA / TODOS,01-01-2012,2012
70 - 74,1964,2666,4630,42,56,98,2006,2722,4728,MONCLOA-ARAVACA / TODOS,01-01-2012,2012
75 - 79,1923,2935,4858,31,38,69,1954,2973,4927,MONCLOA-ARAVACA / TODOS,01-01-2012,2012
80 - 84,1368,2444,3812,18,27,45,1386,2471,3857,MONCLOA-ARAVACA / TODOS,01-01-2012,2012
85 - 89,746,1784,2530,5,20,25,751,1804,2555,MONCLOA-ARAVACA / TODOS,01-01-2012,2012
90 - 94,287,794,1081,6,9,15,293,803,1096,MONCLOA-ARAVACA / TODOS,01-01-2012,2012
95 - 99,71,263,334,0,5,5,71,268,339,MONCLOA-ARAVACA / TODOS,01-01-2012,2012
100 o más,14,43,57,0,1,1,14,44,58,MONCLOA-ARAVACA / TODOS,01-01-2012,2012
No Consta,0,2,2,0,1,1,0,3,3,MONCLOA-ARAVACA / TODOS,01-01-2012,2012
Total,95470,109207,204677,21048,21701,42749,116518,130908,247426,LATINA / TODOS,01-01-2012,2012
0 - 4,4118,4016,8134,1215,1063,2278,5333,5079,10412,LATINA / TODOS,01-01-2012,2012
5 - 9,4280,4185,8465,614,647,1261,4894,4832,9726,LATINA / TODOS,01-01-2012,2012
10 - 14,3855,3645,7500,876,857,1733,4731,4502,9233,LATINA / TODOS,01-01-2012,2012
15 - 19,3815,3717,7532,1060,1056,2116,4875,4773,9648,LATINA / TODOS,01-01-2012,2012
20 - 24,4329,4192,8521,1550,1871,3421,5879,6063,11942,LATINA / TODOS,01-01-2012,2012
25 - 29,5307,5005,10312,2859,3424,6283,8166,8429,16595,LATINA / TODOS,01-01-2012,2012
30 - 34,6551,6343,12894,3739,3574,7313,10290,9917,20207,LATINA / TODOS,01-01-2012,2012
35 - 39,7591,7460,15051,3095,2807,5902,10686,10267,20953,LATINA / TODOS,01-01-2012,2012
40 - 44,7676,7899,15575,2348,2133,4481,10024,10032,20056,LATINA / TODOS,01-01-2012,2012
45 - 49,7233,7981,15214,1561,1571,3132,8794,9552,18346,LATINA / TODOS,01-01-2012,2012
50 - 54,6512,7178,13690,981,1224,2205,7493,8402,15895,LATINA / TODOS,01-01-2012,2012
55 - 59,5307,6256,11563,628,656,1284,5935,6912,12847,LATINA / TODOS,01-01-2012,2012
60 - 64,5027,6930,11957,274,376,650,5301,7306,12607,LATINA / TODOS,01-01-2012,2012
65 - 69,6129,8816,14945,112,192,304,6241,9008,15249,LATINA / TODOS,01-01-2012,2012
70 - 74,6182,7511,13693,61,114,175,6243,7625,13868,LATINA / TODOS,01-01-2012,2012
75 - 79,5459,7254,12713,40,79,119,5499,7333,12832,LATINA / TODOS,01-01-2012,2012
80 - 84,3677,5568,9245,27,36,63,3704,5604,9308,LATINA / TODOS,01-01-2012,2012
85 - 89,1752,3383,5135,8,13,21,1760,3396,5156,LATINA / TODOS,01-01-2012,2012
90 - 94,508,1392,1900,0,7,7,508,1399,1907,LATINA / TODOS,01-01-2012,2012
95 - 99,138,408,546,0,1,1,138,409,547,LATINA / TODOS,01-01-2012,2012
100 o más,24,68,92,0,0,0,24,68,92,LATINA / TODOS,01-01-2012,2012
Total,92823,106584,199407,25936,26353,52289,118759,132937,251696,CARABANCHEL / TODOS,01-01-2012,2012
0 - 4,5399,5139,10538,1546,1421,2967,6945,6560,13505,CARABANCHEL / TODOS,01-01-2012,2012
5 - 9,5224,5045,10269,768,739,1507,5992,5784,11776,CARABANCHEL / TODOS,01-01-2012,2012
10 - 14,3961,3784,7745,1187,1119,2306,5148,4903,10051,CARABANCHEL / TODOS,01-01-2012,2012
15 - 19,4056,3899,7955,1332,1310,2642,5388,5209,10597,CARABANCHEL / TODOS,01-01-2012,2012
20 - 24,4283,4014,8297,1966,2392,4358,6249,6406,12655,CARABANCHEL / TODOS,01-01-2012,2012
25 - 29,4673,4763,9436,3448,3988,7436,8121,8751,16872,CARABANCHEL / TODOS,01-01-2012,2012
30 - 34,6377,6766,13143,4481,4379,8860,10858,11145,22003,CARABANCHEL / TODOS,01-01-2012,2012
35 - 39,8540,8828,17368,3802,3366,7168,12342,12194,24536,CARABANCHEL / TODOS,01-01-2012,2012
40 - 44,8170,8303,16473,2975,2667,5642,11145,10970,22115,CARABANCHEL / TODOS,01-01-2012,2012
45 - 49,7349,7928,15277,1957,1931,3888,9306,9859,19165,CARABANCHEL / TODOS,01-01-2012,2012
50 - 54,6314,7011,13325,1251,1290,2541,7565,8301,15866,CARABANCHEL / TODOS,01-01-2012,2012
55 - 59,4977,5851,10828,671,830,1501,5648,6681,12329,CARABANCHEL / TODOS,01-01-2012,2012
60 - 64,4704,5995,10699,289,448,737,4993,6443,11436,CARABANCHEL / TODOS,01-01-2012,2012
65 - 69,4643,6212,10855,115,198,313,4758,6410,11168,CARABANCHEL / TODOS,01-01-2012,2012
70 - 74,4166,5865,10031,75,134,209,4241,5999,10240,CARABANCHEL / TODOS,01-01-2012,2012
75 - 79,4536,6645,11181,40,81,121,4576,6726,11302,CARABANCHEL / TODOS,01-01-2012,2012
80 - 84,3192,5445,8637,20,35,55,3212,5480,8692,CARABANCHEL / TODOS,01-01-2012,2012
85 - 89,1628,3350,4978,10,18,28,1638,3368,5006,CARABANCHEL / TODOS,01-01-2012,2012
90 - 94,520,1357,1877,2,6,8,522,1363,1885,CARABANCHEL / TODOS,01-01-2012,2012
95 - 99,93,332,425,1,0,1,94,332,426,CARABANCHEL / TODOS,01-01-2012,2012
100 o más,18,52,70,0,1,1,18,53,71,CARABANCHEL / TODOS,01-01-2012,2012
Total,50578,57325,107903,15441,15296,30737,66019,72621,138640,USERA / TODOS,01-01-2012,2012
0 - 4,2995,2944,5939,928,871,1799,3923,3815,7738,USERA / TODOS,01-01-2012,2012
5 - 9,3198,3010,6208,464,431,895,3662,3441,7103,USERA / TODOS,01-01-2012,2012
10 - 14,2514,2347,4861,687,680,1367,3201,3027,6228,USERA / TODOS,01-01-2012,2012
15 - 19,2323,2245,4568,864,756,1620,3187,3001,6188,USERA / TODOS,01-01-2012,2012
20 - 24,2452,2510,4962,1130,1327,2457,3582,3837,7419,USERA / TODOS,01-01-2012,2012
25 - 29,2634,2496,5130,2068,2309,4377,4702,4805,9507,USERA / TODOS,01-01-2012,2012
30 - 34,3274,3409,6683,2546,2537,5083,5820,5946,11766,USERA / TODOS,01-01-2012,2012
35 - 39,4386,4622,9008,2308,2009,4317,6694,6631,13325,USERA / TODOS,01-01-2012,2012
40 - 44,4446,4540,8986,1886,1657,3543,6332,6197,12529,USERA / TODOS,01-01-2012,2012
45 - 49,4194,4389,8583,1212,1128,2340,5406,5517,10923,USERA / TODOS,01-01-2012,2012
50 - 54,3615,3825,7440,698,704,1402,4313,4529,8842,USERA / TODOS,01-01-2012,2012
55 - 59,2795,3114,5909,361,394,755,3156,3508,6664,USERA / TODOS,01-01-2012,2012
60 - 64,2397,2858,5255,128,234,362,2525,3092,5617,USERA / TODOS,01-01-2012,2012
65 - 69,2145,2776,4921,70,112,182,2215,2888,5103,USERA / TODOS,01-01-2012,2012
70 - 74,1849,2794,4643,52,62,114,1901,2856,4757,USERA / TODOS,01-01-2012,2012
75 - 79,2334,3679,6013,21,55,76,2355,3734,6089,USERA / TODOS,01-01-2012,2012
80 - 84,1849,3084,4933,11,18,29,1860,3102,4962,USERA / TODOS,01-01-2012,2012
85 - 89,880,1816,2696,6,8,14,886,1824,2710,USERA / TODOS,01-01-2012,2012
90 - 94,244,664,908,1,3,4,245,667,912,USERA / TODOS,01-01-2012,2012
95 - 99,48,176,224,0,1,1,48,177,225,USERA / TODOS,01-01-2012,2012
100 o más,6,27,33,0,0,0,6,27,33,USERA / TODOS,01-01-2012,2012
Total,92144,102650,194794,21884,21775,43659,114028,124425,238453,PUENTE DE VALLECAS / TODOS,01-01-2012,2012
0 - 4,4558,4197,8755,1418,1340,2758,5976,5537,11513,PUENTE DE VALLECAS / TODOS,01-01-2012,2012
5 - 9,4908,4568,9476,667,670,1337,5575,5238,10813,PUENTE DE VALLECAS / TODOS,01-01-2012,2012
10 - 14,4478,4295,8773,1049,940,1989,5527,5235,10762,PUENTE DE VALLECAS / TODOS,01-01-2012,2012
15 - 19,4869,4529,9398,1167,1136,2303,6036,5665,11701,PUENTE DE VALLECAS / TODOS,01-01-2012,2012
20 - 24,5391,4934,10325,1614,1936,3550,7005,6870,13875,PUENTE DE VALLECAS / TODOS,01-01-2012,2012
25 - 29,5349,5304,10653,2834,3300,6134,8183,8604,16787,PUENTE DE VALLECAS / TODOS,01-01-2012,2012
30 - 34,6136,6180,12316,3834,3637,7471,9970,9817,19787,PUENTE DE VALLECAS / TODOS,01-01-2012,2012
35 - 39,7038,6916,13954,3393,2865,6258,10431,9781,20212,PUENTE DE VALLECAS / TODOS,01-01-2012,2012
40 - 44,7293,7741,15034,2470,2143,4613,9763,9884,19647,PUENTE DE VALLECAS / TODOS,01-01-2012,2012
45 - 49,8151,8919,17070,1548,1483,3031,9699,10402,20101,PUENTE DE VALLECAS / TODOS,01-01-2012,2012
50 - 54,7492,8044,15536,953,1023,1976,8445,9067,17512,PUENTE DE VALLECAS / TODOS,01-01-2012,2012
55 - 59,5483,5870,11353,501,608,1109,5984,6478,12462,PUENTE DE VALLECAS / TODOS,01-01-2012,2012
60 - 64,4421,5106,9527,214,327,541,4635,5433,10068,PUENTE DE VALLECAS / TODOS,01-01-2012,2012
65 - 69,3880,4971,8851,117,155,272,3997,5126,9123,PUENTE DE VALLECAS / TODOS,01-01-2012,2012
70 - 74,3529,5113,8642,48,99,147,3577,5212,8789,PUENTE DE VALLECAS / TODOS,01-01-2012,2012
75 - 79,4175,6252,10427,36,68,104,4211,6320,10531,PUENTE DE VALLECAS / TODOS,01-01-2012,2012
80 - 84,3065,5321,8386,16,29,45,3081,5350,8431,PUENTE DE VALLECAS / TODOS,01-01-2012,2012
85 - 89,1440,2980,4420,4,7,11,1444,2987,4431,PUENTE DE VALLECAS / TODOS,01-01-2012,2012
90 - 94,417,1109,1526,0,6,6,417,1115,1532,PUENTE DE VALLECAS / TODOS,01-01-2012,2012
95 - 99,62,262,324,0,2,2,62,264,326,PUENTE DE VALLECAS / TODOS,01-01-2012,2012
100 o más,9,39,48,1,1,2,10,40,50,PUENTE DE VALLECAS / TODOS,01-01-2012,2012
Total,41805,48233,90038,4593,5438,10031,46398,53671,100069,MORATALAZ / TODOS,01-01-2012,2012
0 - 4,1745,1717,3462,256,232,488,2001,1949,3950,MORATALAZ / TODOS,01-01-2012,2012
5 - 9,1993,1957,3950,117,143,260,2110,2100,4210,MORATALAZ / TODOS,01-01-2012,2012
10 - 14,2027,1972,3999,197,221,418,2224,2193,4417,MORATALAZ / TODOS,01-01-2012,2012
15 - 19,2196,2053,4249,245,255,500,2441,2308,4749,MORATALAZ / TODOS,01-01-2012,2012
20 - 24,2126,2020,4146,375,472,847,2501,2492,4993,MORATALAZ / TODOS,01-01-2012,2012
25 - 29,2248,2039,4287,638,839,1477,2886,2878,5764,MORATALAZ / TODOS,01-01-2012,2012
30 - 34,2463,2471,4934,819,868,1687,3282,3339,6621,MORATALAZ / TODOS,01-01-2012,2012
35 - 39,2872,2969,5841,663,685,1348,3535,3654,7189,MORATALAZ / TODOS,01-01-2012,2012
40 - 44,3341,3680,7021,507,525,1032,3848,4205,8053,MORATALAZ / TODOS,01-01-2012,2012
45 - 49,3581,4028,7609,300,427,727,3881,4455,8336,MORATALAZ / TODOS,01-01-2012,2012
50 - 54,3189,3471,6660,182,306,488,3371,3777,7148,MORATALAZ / TODOS,01-01-2012,2012
55 - 59,2357,2828,5185,115,179,294,2472,3007,5479,MORATALAZ / TODOS,01-01-2012,2012
60 - 64,2138,2819,4957,58,107,165,2196,2926,5122,MORATALAZ / TODOS,01-01-2012,2012
65 - 69,2340,3216,5556,45,75,120,2385,3291,5676,MORATALAZ / TODOS,01-01-2012,2012
70 - 74,2223,3254,5477,40,54,94,2263,3308,5571,MORATALAZ / TODOS,01-01-2012,2012
75 - 79,2541,3380,5921,19,31,50,2560,3411,5971,MORATALAZ / TODOS,01-01-2012,2012
80 - 84,1564,2446,4010,10,10,20,1574,2456,4030,MORATALAZ / TODOS,01-01-2012,2012
85 - 89,658,1255,1913,6,7,13,664,1262,1926,MORATALAZ / TODOS,01-01-2012,2012
90 - 94,157,479,636,1,2,3,158,481,639,MORATALAZ / TODOS,01-01-2012,2012
95 - 99,40,153,193,0,0,0,40,153,193,MORATALAZ / TODOS,01-01-2012,2012
100 o más,6,25,31,0,0,0,6,25,31,MORATALAZ / TODOS,01-01-2012,2012
No Consta,0,1,1,0,0,0,0,1,1,MORATALAZ / TODOS,01-01-2012,2012
Total,85619,102034,187653,16457,19213,35670,102076,121247,223323,CIUDAD LINEAL / TODOS,01-01-2012,2012
0 - 4,4007,3730,7737,906,885,1791,4913,4615,9528,CIUDAD LINEAL / TODOS,01-01-2012,2012
5 - 9,4367,4141,8508,464,483,947,4831,4624,9455,CIUDAD LINEAL / TODOS,01-01-2012,2012
10 - 14,4019,3760,7779,712,640,1352,4731,4400,9131,CIUDAD LINEAL / TODOS,01-01-2012,2012
15 - 19,3932,3840,7772,854,792,1646,4786,4632,9418,CIUDAD LINEAL / TODOS,01-01-2012,2012
20 - 24,4201,4078,8279,1173,1586,2759,5374,5664,11038,CIUDAD LINEAL / TODOS,01-01-2012,2012
25 - 29,4658,4707,9365,2187,2915,5102,6845,7622,14467,CIUDAD LINEAL / TODOS,01-01-2012,2012
30 - 34,5770,5664,11434,2863,3286,6149,8633,8950,17583,CIUDAD LINEAL / TODOS,01-01-2012,2012
35 - 39,6444,6685,13129,2494,2598,5092,8938,9283,18221,CIUDAD LINEAL / TODOS,01-01-2012,2012
40 - 44,6531,7468,13999,1795,1949,3744,8326,9417,17743,CIUDAD LINEAL / TODOS,01-01-2012,2012
45 - 49,6914,8090,15004,1208,1456,2664,8122,9546,17668,CIUDAD LINEAL / TODOS,01-01-2012,2012
50 - 54,6382,7616,13998,801,1087,1888,7183,8703,15886,CIUDAD LINEAL / TODOS,01-01-2012,2012
55 - 59,5101,6444,11545,461,669,1130,5562,7113,12675,CIUDAD LINEAL / TODOS,01-01-2012,2012
60 - 64,4736,6119,10855,254,388,642,4990,6507,11497,CIUDAD LINEAL / TODOS,01-01-2012,2012
65 - 69,4577,6323,10900,120,203,323,4697,6526,11223,CIUDAD LINEAL / TODOS,01-01-2012,2012
70 - 74,3916,5865,9781,76,116,192,3992,5981,9973,CIUDAD LINEAL / TODOS,01-01-2012,2012
75 - 79,4443,6841,11284,37,73,110,4480,6914,11394,CIUDAD LINEAL / TODOS,01-01-2012,2012
80 - 84,3401,5642,9043,35,37,72,3436,5679,9115,CIUDAD LINEAL / TODOS,01-01-2012,2012
85 - 89,1648,3274,4922,12,31,43,1660,3305,4965,CIUDAD LINEAL / TODOS,01-01-2012,2012
90 - 94,466,1300,1766,3,14,17,469,1314,1783,CIUDAD LINEAL / TODOS,01-01-2012,2012
95 - 99,96,388,484,1,4,5,97,392,489,CIUDAD LINEAL / TODOS,01-01-2012,2012
100 o más,10,59,69,1,1,2,11,60,71,CIUDAD LINEAL / TODOS,01-01-2012,2012
Total,74282,81270,155552,8808,10842,19650,83090,92112,175202,HORTALEZA / TODOS,01-01-2012,2012
0 - 4,4700,4462,9162,521,456,977,5221,4918,10139,HORTALEZA / TODOS,01-01-2012,2012
5 - 9,4409,4208,8617,435,434,869,4844,4642,9486,HORTALEZA / TODOS,01-01-2012,2012
10 - 14,3924,3648,7572,508,525,1033,4432,4173,8605,HORTALEZA / TODOS,01-01-2012,2012
15 - 19,3693,3477,7170,472,445,917,4165,3922,8087,HORTALEZA / TODOS,01-01-2012,2012
20 - 24,3686,3597,7283,516,759,1275,4202,4356,8558,HORTALEZA / TODOS,01-01-2012,2012
25 - 29,3992,3768,7760,904,1437,2341,4896,5205,10101,HORTALEZA / TODOS,01-01-2012,2012
30 - 34,5227,5470,10697,1360,1774,3134,6587,7244,13831,HORTALEZA / TODOS,01-01-2012,2012
35 - 39,6717,6990,13707,1250,1465,2715,7967,8455,16422,HORTALEZA / TODOS,01-01-2012,2012
40 - 44,6207,6522,12729,982,1173,2155,7189,7695,14884,HORTALEZA / TODOS,01-01-2012,2012
45 - 49,5880,6615,12495,701,815,1516,6581,7430,14011,HORTALEZA / TODOS,01-01-2012,2012
50 - 54,5304,5692,10996,489,572,1061,5793,6264,12057,HORTALEZA / TODOS,01-01-2012,2012
55 - 59,4153,4750,8903,307,394,701,4460,5144,9604,HORTALEZA / TODOS,01-01-2012,2012
60 - 64,4035,4970,9005,132,213,345,4167,5183,9350,HORTALEZA / TODOS,01-01-2012,2012
65 - 69,3948,4818,8766,86,151,237,4034,4969,9003,HORTALEZA / TODOS,01-01-2012,2012
70 - 74,3011,3596,6607,78,107,185,3089,3703,6792,HORTALEZA / TODOS,01-01-2012,2012
75 - 79,2628,3511,6139,29,58,87,2657,3569,6226,HORTALEZA / TODOS,01-01-2012,2012
80 - 84,1696,2624,4320,18,35,53,1714,2659,4373,HORTALEZA / TODOS,01-01-2012,2012
85 - 89,772,1587,2359,17,21,38,789,1608,2397,HORTALEZA / TODOS,01-01-2012,2012
90 - 94,234,700,934,2,5,7,236,705,941,HORTALEZA / TODOS,01-01-2012,2012
95 - 99,60,230,290,1,2,3,61,232,293,HORTALEZA / TODOS,01-01-2012,2012
100 o más,6,35,41,0,1,1,6,36,42,HORTALEZA / TODOS,01-01-2012,2012
Total,55351,60348,115699,16151,15108,31259,71502,75456,146958,VILLAVERDE / TODOS,01-01-2012,2012
0 - 4,3403,3169,6572,1108,1020,2128,4511,4189,8700,VILLAVERDE / TODOS,01-01-2012,2012
5 - 9,3532,3249,6781,526,528,1054,4058,3777,7835,VILLAVERDE / TODOS,01-01-2012,2012
10 - 14,2630,2689,5319,707,663,1370,3337,3352,6689,VILLAVERDE / TODOS,01-01-2012,2012
15 - 19,2649,2557,5206,838,809,1647,3487,3366,6853,VILLAVERDE / TODOS,01-01-2012,2012
20 - 24,2744,2778,5522,1238,1386,2624,3982,4164,8146,VILLAVERDE / TODOS,01-01-2012,2012
25 - 29,2805,2768,5573,2038,2137,4175,4843,4905,9748,VILLAVERDE / TODOS,01-01-2012,2012
30 - 34,3526,3643,7169,2736,2318,5054,6262,5961,12223,VILLAVERDE / TODOS,01-01-2012,2012
35 - 39,4859,4951,9810,2440,1951,4391,7299,6902,14201,VILLAVERDE / TODOS,01-01-2012,2012
40 - 44,4838,4977,9815,1816,1509,3325,6654,6486,13140,VILLAVERDE / TODOS,01-01-2012,2012
45 - 49,4940,4865,9805,1210,1043,2253,6150,5908,12058,VILLAVERDE / TODOS,01-01-2012,2012
50 - 54,3800,3986,7786,793,743,1536,4593,4729,9322,VILLAVERDE / TODOS,01-01-2012,2012
55 - 59,2753,2947,5700,387,453,840,3140,3400,6540,VILLAVERDE / TODOS,01-01-2012,2012
60 - 64,2462,2967,5429,161,262,423,2623,3229,5852,VILLAVERDE / TODOS,01-01-2012,2012
65 - 69,2626,3299,5925,67,127,194,2693,3426,6119,VILLAVERDE / TODOS,01-01-2012,2012
70 - 74,2378,3233,5611,39,71,110,2417,3304,5721,VILLAVERDE / TODOS,01-01-2012,2012
75 - 79,2755,3691,6446,28,55,83,2783,3746,6529,VILLAVERDE / TODOS,01-01-2012,2012
80 - 84,1738,2638,4376,16,24,40,1754,2662,4416,VILLAVERDE / TODOS,01-01-2012,2012
85 - 89,715,1357,2072,3,5,8,718,1362,2080,VILLAVERDE / TODOS,01-01-2012,2012
90 - 94,165,443,608,0,2,2,165,445,610,VILLAVERDE / TODOS,01-01-2012,2012
95 - 99,31,121,152,0,2,2,31,123,154,VILLAVERDE / TODOS,01-01-2012,2012
100 o más,2,20,22,0,0,0,2,20,22,VILLAVERDE / TODOS,01-01-2012,2012
Total,39664,41644,81308,6943,6901,13844,46607,48545,95152,VILLA DE VALLECAS / TODOS,01-01-2012,2012
0 - 4,2952,2663,5615,482,512,994,3434,3175,6609,VILLA DE VALLECAS / TODOS,01-01-2012,2012
5 - 9,2372,2139,4511,322,310,632,2694,2449,5143,VILLA DE VALLECAS / TODOS,01-01-2012,2012
10 - 14,1896,1813,3709,364,320,684,2260,2133,4393,VILLA DE VALLECAS / TODOS,01-01-2012,2012
15 - 19,1894,1723,3617,327,339,666,2221,2062,4283,VILLA DE VALLECAS / TODOS,01-01-2012,2012
20 - 24,2082,1973,4055,534,611,1145,2616,2584,5200,VILLA DE VALLECAS / TODOS,01-01-2012,2012
25 - 29,2643,2887,5530,911,1033,1944,3554,3920,7474,VILLA DE VALLECAS / TODOS,01-01-2012,2012
30 - 34,4532,4703,9235,1211,1121,2332,5743,5824,11567,VILLA DE VALLECAS / TODOS,01-01-2012,2012
35 - 39,4648,4564,9212,984,835,1819,5632,5399,11031,VILLA DE VALLECAS / TODOS,01-01-2012,2012
40 - 44,3251,3246,6497,717,647,1364,3968,3893,7861,VILLA DE VALLECAS / TODOS,01-01-2012,2012
45 - 49,2837,3079,5916,451,421,872,3288,3500,6788,VILLA DE VALLECAS / TODOS,01-01-2012,2012
50 - 54,2560,2671,5231,302,315,617,2862,2986,5848,VILLA DE VALLECAS / TODOS,01-01-2012,2012
55 - 59,1889,2192,4081,181,200,381,2070,2392,4462,VILLA DE VALLECAS / TODOS,01-01-2012,2012
60 - 64,1798,1926,3724,73,92,165,1871,2018,3889,VILLA DE VALLECAS / TODOS,01-01-2012,2012
65 - 69,1390,1560,2950,40,64,104,1430,1624,3054,VILLA DE VALLECAS / TODOS,01-01-2012,2012
70 - 74,996,1305,2301,25,46,71,1021,1351,2372,VILLA DE VALLECAS / TODOS,01-01-2012,2012
75 - 79,956,1353,2309,5,19,24,961,1372,2333,VILLA DE VALLECAS / TODOS,01-01-2012,2012
80 - 84,601,967,1568,8,10,18,609,977,1586,VILLA DE VALLECAS / TODOS,01-01-2012,2012
85 - 89,258,604,862,5,4,9,263,608,871,VILLA DE VALLECAS / TODOS,01-01-2012,2012
90 - 94,97,219,316,1,2,3,98,221,319,VILLA DE VALLECAS / TODOS,01-01-2012,2012
95 - 99,11,51,62,0,0,0,11,51,62,VILLA DE VALLECAS / TODOS,01-01-2012,2012
100 o más,1,6,7,0,0,0,1,6,7,VILLA DE VALLECAS / TODOS,01-01-2012,2012
Total,29514,30708,60222,5376,5327,10703,34890,36035,70925,VICALVARO / TODOS,01-01-2012,2012
0 - 4,2309,2087,4396,360,354,714,2669,2441,5110,VICALVARO / TODOS,01-01-2012,2012
5 - 9,2081,2127,4208,216,201,417,2297,2328,4625,VICALVARO / TODOS,01-01-2012,2012
10 - 14,1725,1582,3307,252,225,477,1977,1807,3784,VICALVARO / TODOS,01-01-2012,2012
15 - 19,1398,1385,2783,272,248,520,1670,1633,3303,VICALVARO / TODOS,01-01-2012,2012
20 - 24,1285,1209,2494,437,549,986,1722,1758,3480,VICALVARO / TODOS,01-01-2012,2012
25 - 29,1306,1180,2486,709,790,1499,2015,1970,3985,VICALVARO / TODOS,01-01-2012,2012
30 - 34,1771,1899,3670,905,886,1791,2676,2785,5461,VICALVARO / TODOS,01-01-2012,2012
35 - 39,3319,3483,6802,752,614,1366,4071,4097,8168,VICALVARO / TODOS,01-01-2012,2012
40 - 44,3154,3216,6370,580,494,1074,3734,3710,7444,VICALVARO / TODOS,01-01-2012,2012
45 - 49,2893,2764,5657,354,382,736,3247,3146,6393,VICALVARO / TODOS,01-01-2012,2012
50 - 54,1987,2003,3990,260,263,523,2247,2266,4513,VICALVARO / TODOS,01-01-2012,2012
55 - 59,1211,1274,2485,150,138,288,1361,1412,2773,VICALVARO / TODOS,01-01-2012,2012
60 - 64,994,1186,2180,65,78,143,1059,1264,2323,VICALVARO / TODOS,01-01-2012,2012
65 - 69,1069,1472,2541,30,48,78,1099,1520,2619,VICALVARO / TODOS,01-01-2012,2012
70 - 74,1176,1299,2475,18,25,43,1194,1324,2518,VICALVARO / TODOS,01-01-2012,2012
75 - 79,989,1182,2171,10,19,29,999,1201,2200,VICALVARO / TODOS,01-01-2012,2012
80 - 84,557,749,1306,6,9,15,563,758,1321,VICALVARO / TODOS,01-01-2012,2012
85 - 89,212,420,632,0,2,2,212,422,634,VICALVARO / TODOS,01-01-2012,2012
90 - 94,66,142,208,0,1,1,66,143,209,VICALVARO / TODOS,01-01-2012,2012
95 - 99,12,47,59,0,1,1,12,48,60,VICALVARO / TODOS,01-01-2012,2012
100 o más,0,2,2,0,0,0,0,2,2,VICALVARO / TODOS,01-01-2012,2012
Total,64963,71679,136642,9456,10393,19849,74419,82072,156491,SAN BLAS-CANILLEJAS / TODOS,01-01-2012,2012
0 - 4,3589,3435,7024,478,529,1007,4067,3964,8031,SAN BLAS-CANILLEJAS / TODOS,01-01-2012,2012
5 - 9,4372,4090,8462,319,336,655,4691,4426,9117,SAN BLAS-CANILLEJAS / TODOS,01-01-2012,2012
10 - 14,3474,3342,6816,463,464,927,3937,3806,7743,SAN BLAS-CANILLEJAS / TODOS,01-01-2012,2012
15 - 19,3125,3022,6147,470,513,983,3595,3535,7130,SAN BLAS-CANILLEJAS / TODOS,01-01-2012,2012
20 - 24,3096,2948,6044,693,833,1526,3789,3781,7570,SAN BLAS-CANILLEJAS / TODOS,01-01-2012,2012
25 - 29,3240,3065,6305,1234,1596,2830,4474,4661,9135,SAN BLAS-CANILLEJAS / TODOS,01-01-2012,2012
30 - 34,4002,4073,8075,1640,1738,3378,5642,5811,11453,SAN BLAS-CANILLEJAS / TODOS,01-01-2012,2012
35 - 39,5291,5780,11071,1439,1316,2755,6730,7096,13826,SAN BLAS-CANILLEJAS / TODOS,01-01-2012,2012
40 - 44,6471,6621,13092,1074,1064,2138,7545,7685,15230,SAN BLAS-CANILLEJAS / TODOS,01-01-2012,2012
45 - 49,6278,6565,12843,674,742,1416,6952,7307,14259,SAN BLAS-CANILLEJAS / TODOS,01-01-2012,2012
50 - 54,5133,5278,10411,460,531,991,5593,5809,11402,SAN BLAS-CANILLEJAS / TODOS,01-01-2012,2012
55 - 59,3543,3754,7297,247,337,584,3790,4091,7881,SAN BLAS-CANILLEJAS / TODOS,01-01-2012,2012
60 - 64,2905,3324,6229,143,196,339,3048,3520,6568,SAN BLAS-CANILLEJAS / TODOS,01-01-2012,2012
65 - 69,2458,2993,5451,59,92,151,2517,3085,5602,SAN BLAS-CANILLEJAS / TODOS,01-01-2012,2012
70 - 74,2094,3095,5189,36,49,85,2130,3144,5274,SAN BLAS-CANILLEJAS / TODOS,01-01-2012,2012
75 - 79,2664,4121,6785,19,36,55,2683,4157,6840,SAN BLAS-CANILLEJAS / TODOS,01-01-2012,2012
80 - 84,2065,3468,5533,5,15,20,2070,3483,5553,SAN BLAS-CANILLEJAS / TODOS,01-01-2012,2012
85 - 89,905,1914,2819,3,5,8,908,1919,2827,SAN BLAS-CANILLEJAS / TODOS,01-01-2012,2012
90 - 94,218,617,835,0,1,1,218,618,836,SAN BLAS-CANILLEJAS / TODOS,01-01-2012,2012
95 - 99,32,142,174,0,0,0,32,142,174,SAN BLAS-CANILLEJAS / TODOS,01-01-2012,2012
100 o más,8,31,39,0,0,0,8,31,39,SAN BLAS-CANILLEJAS / TODOS,01-01-2012,2012
No Consta,0,1,1,0,0,0,0,1,1,SAN BLAS-CANILLEJAS / TODOS,01-01-2012,2012
Total,19953,20824,40777,2563,2981,5544,22516,23805,46321,BARAJAS / TODOS,01-01-2012,2012
0 - 4,1299,1184,2483,135,144,279,1434,1328,2762,BARAJAS / TODOS,01-01-2012,2012
5 - 9,1362,1261,2623,115,90,205,1477,1351,2828,BARAJAS / TODOS,01-01-2012,2012
10 - 14,1026,971,1997,141,111,252,1167,1082,2249,BARAJAS / TODOS,01-01-2012,2012
15 - 19,893,813,1706,93,126,219,986,939,1925,BARAJAS / TODOS,01-01-2012,2012
20 - 24,876,884,1760,162,214,376,1038,1098,2136,BARAJAS / TODOS,01-01-2012,2012
25 - 29,1178,1086,2264,285,425,710,1463,1511,2974,BARAJAS / TODOS,01-01-2012,2012
30 - 34,1568,1530,3098,406,498,904,1974,2028,4002,BARAJAS / TODOS,01-01-2012,2012
35 - 39,1905,1993,3898,381,416,797,2286,2409,4695,BARAJAS / TODOS,01-01-2012,2012
40 - 44,1824,1835,3659,330,329,659,2154,2164,4318,BARAJAS / TODOS,01-01-2012,2012
45 - 49,1572,1724,3296,204,207,411,1776,1931,3707,BARAJAS / TODOS,01-01-2012,2012
50 - 54,1324,1336,2660,131,157,288,1455,1493,2948,BARAJAS / TODOS,01-01-2012,2012
55 - 59,1065,1194,2259,70,102,172,1135,1296,2431,BARAJAS / TODOS,01-01-2012,2012
60 - 64,1161,1436,2597,51,58,109,1212,1494,2706,BARAJAS / TODOS,01-01-2012,2012
65 - 69,1104,1232,2336,24,47,71,1128,1279,2407,BARAJAS / TODOS,01-01-2012,2012
70 - 74,751,751,1502,17,25,42,768,776,1544,BARAJAS / TODOS,01-01-2012,2012
75 - 79,516,622,1138,13,14,27,529,636,1165,BARAJAS / TODOS,01-01-2012,2012
80 - 84,293,466,759,4,10,14,297,476,773,BARAJAS / TODOS,01-01-2012,2012
85 - 89,166,302,468,1,6,7,167,308,475,BARAJAS / TODOS,01-01-2012,2012
90 - 94,54,149,203,0,2,2,54,151,205,BARAJAS / TODOS,01-01-2012,2012
95 - 99,15,48,63,0,0,0,15,48,63,BARAJAS / TODOS,01-01-2012,2012
100 o más,1,7,8,0,0,0,1,7,8,BARAJAS / TODOS,01-01-2012,2012
Total,50608,55239,105847,18174,15023,33197,68782,70262,139044,CENTRO / TODOS,01-01-2013,2013
0 - 4,1767,1695,3462,682,641,1323,2449,2336,4785,CENTRO / TODOS,01-01-2013,2013
5 - 9,1542,1588,3130,337,316,653,1879,1904,3783,CENTRO / TODOS,01-01-2013,2013
10 - 14,1423,1361,2784,316,294,610,1739,1655,3394,CENTRO / TODOS,01-01-2013,2013
15 - 19,1326,1271,2597,494,404,898,1820,1675,3495,CENTRO / TODOS,01-01-2013,2013
20 - 24,1756,1699,3455,1354,1221,2575,3110,2920,6030,CENTRO / TODOS,01-01-2013,2013
25 - 29,3365,3451,6816,2826,2854,5680,6191,6305,12496,CENTRO / TODOS,01-01-2013,2013
30 - 34,5299,5210,10509,3787,2973,6760,9086,8183,17269,CENTRO / TODOS,01-01-2013,2013
35 - 39,6058,5365,11423,3018,2019,5037,9076,7384,16460,CENTRO / TODOS,01-01-2013,2013
40 - 44,5297,4498,9795,2104,1399,3503,7401,5897,13298,CENTRO / TODOS,01-01-2013,2013
45 - 49,4817,4306,9123,1361,974,2335,6178,5280,11458,CENTRO / TODOS,01-01-2013,2013
50 - 54,4029,4107,8136,858,706,1564,4887,4813,9700,CENTRO / TODOS,01-01-2013,2013
55 - 59,3383,3616,6999,475,511,986,3858,4127,7985,CENTRO / TODOS,01-01-2013,2013
60 - 64,2670,3191,5861,231,291,522,2901,3482,6383,CENTRO / TODOS,01-01-2013,2013
65 - 69,2299,2782,5081,161,188,349,2460,2970,5430,CENTRO / TODOS,01-01-2013,2013
70 - 74,1620,2408,4028,82,96,178,1702,2504,4206,CENTRO / TODOS,01-01-2013,2013
75 - 79,1511,2593,4104,44,70,114,1555,2663,4218,CENTRO / TODOS,01-01-2013,2013
80 - 84,1335,2731,4066,30,36,66,1365,2767,4132,CENTRO / TODOS,01-01-2013,2013
85 - 89,757,1958,2715,11,22,33,768,1980,2748,CENTRO / TODOS,01-01-2013,2013
90 - 94,282,1033,1315,3,7,10,285,1040,1325,CENTRO / TODOS,01-01-2013,2013
95 - 99,63,323,386,0,1,1,63,324,387,CENTRO / TODOS,01-01-2013,2013
100 o más,9,53,62,0,0,0,9,53,62,CENTRO / TODOS,01-01-2013,2013
Total,62542,72713,135255,9252,10159,19411,71794,82872,154666,ARGANZUELA / TODOS,01-01-2013,2013
0 - 4,2975,2949,5924,439,473,912,3414,3422,6836,ARGANZUELA / TODOS,01-01-2013,2013
5 - 9,2897,2913,5810,208,218,426,3105,3131,6236,ARGANZUELA / TODOS,01-01-2013,2013
10 - 14,2812,2634,5446,277,252,529,3089,2886,5975,ARGANZUELA / TODOS,01-01-2013,2013
15 - 19,2591,2504,5095,392,347,739,2983,2851,5834,ARGANZUELA / TODOS,01-01-2013,2013
20 - 24,2731,2705,5436,619,814,1433,3350,3519,6869,ARGANZUELA / TODOS,01-01-2013,2013
25 - 29,3874,3876,7750,1257,1692,2949,5131,5568,10699,ARGANZUELA / TODOS,01-01-2013,2013
30 - 34,5417,5314,10731,1785,1910,3695,7202,7224,14426,ARGANZUELA / TODOS,01-01-2013,2013
35 - 39,5526,5886,11412,1434,1360,2794,6960,7246,14206,ARGANZUELA / TODOS,01-01-2013,2013
40 - 44,5294,5633,10927,1045,961,2006,6339,6594,12933,ARGANZUELA / TODOS,01-01-2013,2013
45 - 49,5556,6062,11618,722,761,1483,6278,6823,13101,ARGANZUELA / TODOS,01-01-2013,2013
50 - 54,4979,5882,10861,496,502,998,5475,6384,11859,ARGANZUELA / TODOS,01-01-2013,2013
55 - 59,4366,5382,9748,280,380,660,4646,5762,10408,ARGANZUELA / TODOS,01-01-2013,2013
60 - 64,3726,4527,8253,129,213,342,3855,4740,8595,ARGANZUELA / TODOS,01-01-2013,2013
65 - 69,2810,3715,6525,86,107,193,2896,3822,6718,ARGANZUELA / TODOS,01-01-2013,2013
70 - 74,2059,2881,4940,34,81,115,2093,2962,5055,ARGANZUELA / TODOS,01-01-2013,2013
75 - 79,1956,3215,5171,26,41,67,1982,3256,5238,ARGANZUELA / TODOS,01-01-2013,2013
80 - 84,1657,3053,4710,7,18,25,1664,3071,4735,ARGANZUELA / TODOS,01-01-2013,2013
85 - 89,913,2153,3066,13,16,29,926,2169,3095,ARGANZUELA / TODOS,01-01-2013,2013
90 - 94,342,1103,1445,3,12,15,345,1115,1460,ARGANZUELA / TODOS,01-01-2013,2013
95 - 99,52,280,332,0,1,1,52,281,333,ARGANZUELA / TODOS,01-01-2013,2013
100 o más,8,45,53,0,0,0,8,45,53,ARGANZUELA / TODOS,01-01-2013,2013
No Consta,1,1,2,0,0,0,1,1,2,ARGANZUELA / TODOS,01-01-2013,2013
Total,50368,60547,110915,4121,5635,9756,54489,66182,120671,RETIRO / TODOS,01-01-2013,2013
0 - 4,2254,2219,4473,192,208,400,2446,2427,4873,RETIRO / TODOS,01-01-2013,2013
5 - 9,2215,2153,4368,109,121,230,2324,2274,4598,RETIRO / TODOS,01-01-2013,2013
10 - 14,2125,2044,4169,128,134,262,2253,2178,4431,RETIRO / TODOS,01-01-2013,2013
15 - 19,2099,2043,4142,142,164,306,2241,2207,4448,RETIRO / TODOS,01-01-2013,2013
20 - 24,2386,2370,4756,270,403,673,2656,2773,5429,RETIRO / TODOS,01-01-2013,2013
25 - 29,3086,3169,6255,529,888,1417,3615,4057,7672,RETIRO / TODOS,01-01-2013,2013
30 - 34,3793,3779,7572,701,991,1692,4494,4770,9264,RETIRO / TODOS,01-01-2013,2013
35 - 39,3957,4059,8016,608,735,1343,4565,4794,9359,RETIRO / TODOS,01-01-2013,2013
40 - 44,3652,3880,7532,506,572,1078,4158,4452,8610,RETIRO / TODOS,01-01-2013,2013
45 - 49,3750,4187,7937,313,428,741,4063,4615,8678,RETIRO / TODOS,01-01-2013,2013
50 - 54,3534,4300,7834,219,381,600,3753,4681,8434,RETIRO / TODOS,01-01-2013,2013
55 - 59,3490,4607,8097,133,233,366,3623,4840,8463,RETIRO / TODOS,01-01-2013,2013
60 - 64,3382,4435,7817,87,143,230,3469,4578,8047,RETIRO / TODOS,01-01-2013,2013
65 - 69,3103,4172,7275,62,94,156,3165,4266,7431,RETIRO / TODOS,01-01-2013,2013
70 - 74,2369,3264,5633,55,61,116,2424,3325,5749,RETIRO / TODOS,01-01-2013,2013
75 - 79,2131,3228,5359,36,32,68,2167,3260,5427,RETIRO / TODOS,01-01-2013,2013
80 - 84,1637,3040,4677,18,14,32,1655,3054,4709,RETIRO / TODOS,01-01-2013,2013
85 - 89,971,2165,3136,11,16,27,982,2181,3163,RETIRO / TODOS,01-01-2013,2013
90 - 94,355,1042,1397,1,12,13,356,1054,1410,RETIRO / TODOS,01-01-2013,2013
95 - 99,67,320,387,1,2,3,68,322,390,RETIRO / TODOS,01-01-2013,2013
100 o más,12,71,83,0,3,3,12,74,86,RETIRO / TODOS,01-01-2013,2013
Total,56371,71493,127864,7686,10746,18432,64057,82239,146296,SALAMANCA / TODOS,01-01-2013,2013
0 - 4,2562,2480,5042,340,322,662,2902,2802,5704,SALAMANCA / TODOS,01-01-2013,2013
5 - 9,2415,2306,4721,194,165,359,2609,2471,5080,SALAMANCA / TODOS,01-01-2013,2013
10 - 14,2225,2267,4492,152,183,335,2377,2450,4827,SALAMANCA / TODOS,01-01-2013,2013
15 - 19,2310,2242,4552,244,246,490,2554,2488,5042,SALAMANCA / TODOS,01-01-2013,2013
20 - 24,2651,2606,5257,552,763,1315,3203,3369,6572,SALAMANCA / TODOS,01-01-2013,2013
25 - 29,3548,3940,7488,1209,1973,3182,4757,5913,10670,SALAMANCA / TODOS,01-01-2013,2013
30 - 34,4455,4757,9212,1550,1986,3536,6005,6743,12748,SALAMANCA / TODOS,01-01-2013,2013
35 - 39,4531,4903,9434,1039,1399,2438,5570,6302,11872,SALAMANCA / TODOS,01-01-2013,2013
40 - 44,4114,4616,8730,745,1018,1763,4859,5634,10493,SALAMANCA / TODOS,01-01-2013,2013
45 - 49,4342,5069,9411,546,845,1391,4888,5914,10802,SALAMANCA / TODOS,01-01-2013,2013
50 - 54,4080,5069,9149,364,661,1025,4444,5730,10174,SALAMANCA / TODOS,01-01-2013,2013
55 - 59,3739,4884,8623,240,486,726,3979,5370,9349,SALAMANCA / TODOS,01-01-2013,2013
60 - 64,3582,4856,8438,181,284,465,3763,5140,8903,SALAMANCA / TODOS,01-01-2013,2013
65 - 69,3151,4439,7590,125,154,279,3276,4593,7869,SALAMANCA / TODOS,01-01-2013,2013
70 - 74,2457,3849,6306,77,99,176,2534,3948,6482,SALAMANCA / TODOS,01-01-2013,2013
75 - 79,2274,4175,6449,63,63,126,2337,4238,6575,SALAMANCA / TODOS,01-01-2013,2013
80 - 84,2089,3985,6074,35,37,72,2124,4022,6146,SALAMANCA / TODOS,01-01-2013,2013
85 - 89,1226,2908,4134,18,28,46,1244,2936,4180,SALAMANCA / TODOS,01-01-2013,2013
90 - 94,481,1536,2017,9,24,33,490,1560,2050,SALAMANCA / TODOS,01-01-2013,2013
95 - 99,120,509,629,0,7,7,120,516,636,SALAMANCA / TODOS,01-01-2013,2013
100 o más,19,97,116,3,3,6,22,100,122,SALAMANCA / TODOS,01-01-2013,2013
Total,59156,70792,129948,5997,9196,15193,65153,79988,145141,CHAMARTIN / TODOS,01-01-2013,2013
0 - 4,3137,2995,6132,267,289,556,3404,3284,6688,CHAMARTIN / TODOS,01-01-2013,2013
5 - 9,2915,2799,5714,187,189,376,3102,2988,6090,CHAMARTIN / TODOS,01-01-2013,2013
10 - 14,2686,2620,5306,156,194,350,2842,2814,5656,CHAMARTIN / TODOS,01-01-2013,2013
15 - 19,2813,2624,5437,208,197,405,3021,2821,5842,CHAMARTIN / TODOS,01-01-2013,2013
20 - 24,2938,2795,5733,329,524,853,3267,3319,6586,CHAMARTIN / TODOS,01-01-2013,2013
25 - 29,3681,3560,7241,772,1428,2200,4453,4988,9441,CHAMARTIN / TODOS,01-01-2013,2013
30 - 34,4352,4502,8854,1059,1568,2627,5411,6070,11481,CHAMARTIN / TODOS,01-01-2013,2013
35 - 39,4838,4900,9738,835,1329,2164,5673,6229,11902,CHAMARTIN / TODOS,01-01-2013,2013
40 - 44,4388,4859,9247,659,960,1619,5047,5819,10866,CHAMARTIN / TODOS,01-01-2013,2013
45 - 49,4322,5082,9404,479,747,1226,4801,5829,10630,CHAMARTIN / TODOS,01-01-2013,2013
50 - 54,4048,5101,9149,346,624,970,4394,5725,10119,CHAMARTIN / TODOS,01-01-2013,2013
55 - 59,3762,4847,8609,215,402,617,3977,5249,9226,CHAMARTIN / TODOS,01-01-2013,2013
60 - 64,3525,4589,8114,143,254,397,3668,4843,8511,CHAMARTIN / TODOS,01-01-2013,2013
65 - 69,3243,4459,7702,105,174,279,3348,4633,7981,CHAMARTIN / TODOS,01-01-2013,2013
70 - 74,2484,3730,6214,89,112,201,2573,3842,6415,CHAMARTIN / TODOS,01-01-2013,2013
75 - 79,2342,3751,6093,65,68,133,2407,3819,6226,CHAMARTIN / TODOS,01-01-2013,2013
80 - 84,1921,3490,5411,49,57,106,1970,3547,5517,CHAMARTIN / TODOS,01-01-2013,2013
85 - 89,1191,2523,3714,17,49,66,1208,2572,3780,CHAMARTIN / TODOS,01-01-2013,2013
90 - 94,442,1164,1606,14,22,36,456,1186,1642,CHAMARTIN / TODOS,01-01-2013,2013
95 - 99,112,342,454,2,6,8,114,348,462,CHAMARTIN / TODOS,01-01-2013,2013
100 o más,16,60,76,1,3,4,17,63,80,CHAMARTIN / TODOS,01-01-2013,2013
Total,56957,68489,125446,14025,16862,30887,70982,85351,156333,TETUAN / TODOS,01-01-2013,2013
0 - 4,2670,2409,5079,858,806,1664,3528,3215,6743,TETUAN / TODOS,01-01-2013,2013
5 - 9,2458,2403,4861,464,393,857,2922,2796,5718,TETUAN / TODOS,01-01-2013,2013
10 - 14,2278,2131,4409,528,470,998,2806,2601,5407,TETUAN / TODOS,01-01-2013,2013
15 - 19,2222,2137,4359,596,633,1229,2818,2770,5588,TETUAN / TODOS,01-01-2013,2013
20 - 24,2597,2613,5210,985,1452,2437,3582,4065,7647,TETUAN / TODOS,01-01-2013,2013
25 - 29,3968,3976,7944,1833,2812,4645,5801,6788,12589,TETUAN / TODOS,01-01-2013,2013
30 - 34,4948,4926,9874,2521,3011,5532,7469,7937,15406,TETUAN / TODOS,01-01-2013,2013
35 - 39,4979,5125,10104,2037,2220,4257,7016,7345,14361,TETUAN / TODOS,01-01-2013,2013
40 - 44,4612,4838,9450,1526,1653,3179,6138,6491,12629,TETUAN / TODOS,01-01-2013,2013
45 - 49,4420,5198,9618,1099,1204,2303,5519,6402,11921,TETUAN / TODOS,01-01-2013,2013
50 - 54,4143,4958,9101,698,878,1576,4841,5836,10677,TETUAN / TODOS,01-01-2013,2013
55 - 59,3482,4609,8091,384,546,930,3866,5155,9021,TETUAN / TODOS,01-01-2013,2013
60 - 64,3105,4172,7277,228,317,545,3333,4489,7822,TETUAN / TODOS,01-01-2013,2013
65 - 69,2713,3898,6611,106,207,313,2819,4105,6924,TETUAN / TODOS,01-01-2013,2013
70 - 74,2270,3251,5521,61,119,180,2331,3370,5701,TETUAN / TODOS,01-01-2013,2013
75 - 79,2324,3908,6232,49,67,116,2373,3975,6348,TETUAN / TODOS,01-01-2013,2013
80 - 84,2018,3779,5797,30,47,77,2048,3826,5874,TETUAN / TODOS,01-01-2013,2013
85 - 89,1228,2662,3890,14,16,30,1242,2678,3920,TETUAN / TODOS,01-01-2013,2013
90 - 94,432,1157,1589,6,7,13,438,1164,1602,TETUAN / TODOS,01-01-2013,2013
95 - 99,80,286,366,2,4,6,82,290,372,TETUAN / TODOS,01-01-2013,2013
100 o más,10,53,63,0,0,0,10,53,63,TETUAN / TODOS,01-01-2013,2013
Total,54142,70190,124332,7421,10033,17454,61563,80223,141786,CHAMBERI / TODOS,01-01-2013,2013
0 - 4,2305,2264,4569,331,300,631,2636,2564,5200,CHAMBERI / TODOS,01-01-2013,2013
5 - 9,2209,2081,4290,157,174,331,2366,2255,4621,CHAMBERI / TODOS,01-01-2013,2013
10 - 14,2079,2098,4177,188,179,367,2267,2277,4544,CHAMBERI / TODOS,01-01-2013,2013
15 - 19,2132,2069,4201,235,256,491,2367,2325,4692,CHAMBERI / TODOS,01-01-2013,2013
20 - 24,2527,2463,4990,606,979,1585,3133,3442,6575,CHAMBERI / TODOS,01-01-2013,2013
25 - 29,3605,4170,7775,1128,1764,2892,4733,5934,10667,CHAMBERI / TODOS,01-01-2013,2013
30 - 34,4622,4952,9574,1456,1808,3264,6078,6760,12838,CHAMBERI / TODOS,01-01-2013,2013
35 - 39,4594,4910,9504,1058,1268,2326,5652,6178,11830,CHAMBERI / TODOS,01-01-2013,2013
40 - 44,3900,4400,8300,749,874,1623,4649,5274,9923,CHAMBERI / TODOS,01-01-2013,2013
45 - 49,3856,4581,8437,517,762,1279,4373,5343,9716,CHAMBERI / TODOS,01-01-2013,2013
50 - 54,3822,4802,8624,370,585,955,4192,5387,9579,CHAMBERI / TODOS,01-01-2013,2013
55 - 59,3652,5033,8685,233,449,682,3885,5482,9367,CHAMBERI / TODOS,01-01-2013,2013
60 - 64,3534,4785,8319,155,280,435,3689,5065,8754,CHAMBERI / TODOS,01-01-2013,2013
65 - 69,3093,4517,7610,98,148,246,3191,4665,7856,CHAMBERI / TODOS,01-01-2013,2013
70 - 74,2292,3731,6023,54,72,126,2346,3803,6149,CHAMBERI / TODOS,01-01-2013,2013
75 - 79,2219,3975,6194,33,39,72,2252,4014,6266,CHAMBERI / TODOS,01-01-2013,2013
80 - 84,1894,3992,5886,28,52,80,1922,4044,5966,CHAMBERI / TODOS,01-01-2013,2013
85 - 89,1201,3061,4262,16,31,47,1217,3092,4309,CHAMBERI / TODOS,01-01-2013,2013
90 - 94,465,1673,2138,7,6,13,472,1679,2151,CHAMBERI / TODOS,01-01-2013,2013
95 - 99,128,534,662,0,4,4,128,538,666,CHAMBERI / TODOS,01-01-2013,2013
100 o más,13,99,112,2,3,5,15,102,117,CHAMBERI / TODOS,01-01-2013,2013
Total,101024,112532,213556,9251,11691,20942,110275,124223,234498,FUENCARRAL-EL PARDO / TODOS,01-01-2013,2013
0 - 4,7006,6587,13593,627,589,1216,7633,7176,14809,FUENCARRAL-EL PARDO / TODOS,01-01-2013,2013
5 - 9,5804,5484,11288,369,394,763,6173,5878,12051,FUENCARRAL-EL PARDO / TODOS,01-01-2013,2013
10 - 14,4645,4499,9144,379,345,724,5024,4844,9868,FUENCARRAL-EL PARDO / TODOS,01-01-2013,2013
15 - 19,4409,4302,8711,430,433,863,4839,4735,9574,FUENCARRAL-EL PARDO / TODOS,01-01-2013,2013
20 - 24,4753,4635,9388,615,849,1464,5368,5484,10852,FUENCARRAL-EL PARDO / TODOS,01-01-2013,2013
25 - 29,5924,5770,11694,1041,1704,2745,6965,7474,14439,FUENCARRAL-EL PARDO / TODOS,01-01-2013,2013
30 - 34,7602,7852,15454,1615,2081,3696,9217,9933,19150,FUENCARRAL-EL PARDO / TODOS,01-01-2013,2013
35 - 39,9500,9858,19358,1365,1610,2975,10865,11468,22333,FUENCARRAL-EL PARDO / TODOS,01-01-2013,2013
40 - 44,8016,8230,16246,996,1124,2120,9012,9354,18366,FUENCARRAL-EL PARDO / TODOS,01-01-2013,2013
45 - 49,6955,7585,14540,649,798,1447,7604,8383,15987,FUENCARRAL-EL PARDO / TODOS,01-01-2013,2013
50 - 54,6284,7463,13747,444,655,1099,6728,8118,14846,FUENCARRAL-EL PARDO / TODOS,01-01-2013,2013
55 - 59,5776,7288,13064,291,434,725,6067,7722,13789,FUENCARRAL-EL PARDO / TODOS,01-01-2013,2013
60 - 64,5891,7546,13437,153,271,424,6044,7817,13861,FUENCARRAL-EL PARDO / TODOS,01-01-2013,2013
65 - 69,6130,7286,13416,105,162,267,6235,7448,13683,FUENCARRAL-EL PARDO / TODOS,01-01-2013,2013
70 - 74,4347,5207,9554,85,95,180,4432,5302,9734,FUENCARRAL-EL PARDO / TODOS,01-01-2013,2013
75 - 79,3631,4919,8550,45,78,123,3676,4997,8673,FUENCARRAL-EL PARDO / TODOS,01-01-2013,2013
80 - 84,2529,3879,6408,24,33,57,2553,3912,6465,FUENCARRAL-EL PARDO / TODOS,01-01-2013,2013
85 - 89,1308,2587,3895,13,18,31,1321,2605,3926,FUENCARRAL-EL PARDO / TODOS,01-01-2013,2013
90 - 94,424,1148,1572,4,12,16,428,1160,1588,FUENCARRAL-EL PARDO / TODOS,01-01-2013,2013
95 - 99,79,350,429,1,3,4,80,353,433,FUENCARRAL-EL PARDO / TODOS,01-01-2013,2013
100 o más,11,57,68,0,3,3,11,60,71,FUENCARRAL-EL PARDO / TODOS,01-01-2013,2013
Total,48165,56023,104188,5515,7929,13444,53680,63952,117632,MONCLOA-ARAVACA / TODOS,01-01-2013,2013
0 - 4,2403,2352,4755,285,269,554,2688,2621,5309,MONCLOA-ARAVACA / TODOS,01-01-2013,2013
5 - 9,2871,2618,5489,174,141,315,3045,2759,5804,MONCLOA-ARAVACA / TODOS,01-01-2013,2013
10 - 14,2650,2561,5211,177,184,361,2827,2745,5572,MONCLOA-ARAVACA / TODOS,01-01-2013,2013
15 - 19,2366,2437,4803,195,275,470,2561,2712,5273,MONCLOA-ARAVACA / TODOS,01-01-2013,2013
20 - 24,2337,2335,4672,446,781,1227,2783,3116,5899,MONCLOA-ARAVACA / TODOS,01-01-2013,2013
25 - 29,2772,2750,5522,790,1279,2069,3562,4029,7591,MONCLOA-ARAVACA / TODOS,01-01-2013,2013
30 - 34,3097,3123,6220,925,1324,2249,4022,4447,8469,MONCLOA-ARAVACA / TODOS,01-01-2013,2013
35 - 39,3386,3680,7066,801,968,1769,4187,4648,8835,MONCLOA-ARAVACA / TODOS,01-01-2013,2013
40 - 44,3630,3967,7597,542,808,1350,4172,4775,8947,MONCLOA-ARAVACA / TODOS,01-01-2013,2013
45 - 49,3923,4259,8182,436,632,1068,4359,4891,9250,MONCLOA-ARAVACA / TODOS,01-01-2013,2013
50 - 54,3662,4063,7725,298,460,758,3960,4523,8483,MONCLOA-ARAVACA / TODOS,01-01-2013,2013
55 - 59,3034,3853,6887,186,354,540,3220,4207,7427,MONCLOA-ARAVACA / TODOS,01-01-2013,2013
60 - 64,2983,3590,6573,92,186,278,3075,3776,6851,MONCLOA-ARAVACA / TODOS,01-01-2013,2013
65 - 69,2639,3389,6028,67,101,168,2706,3490,6196,MONCLOA-ARAVACA / TODOS,01-01-2013,2013
70 - 74,1931,2682,4613,39,59,98,1970,2741,4711,MONCLOA-ARAVACA / TODOS,01-01-2013,2013
75 - 79,1918,2904,4822,29,46,75,1947,2950,4897,MONCLOA-ARAVACA / TODOS,01-01-2013,2013
80 - 84,1435,2513,3948,20,27,47,1455,2540,3995,MONCLOA-ARAVACA / TODOS,01-01-2013,2013
85 - 89,749,1753,2502,8,15,23,757,1768,2525,MONCLOA-ARAVACA / TODOS,01-01-2013,2013
90 - 94,289,875,1164,3,12,15,292,887,1179,MONCLOA-ARAVACA / TODOS,01-01-2013,2013
95 - 99,78,258,336,2,7,9,80,265,345,MONCLOA-ARAVACA / TODOS,01-01-2013,2013
100 o más,12,61,73,0,1,1,12,62,74,MONCLOA-ARAVACA / TODOS,01-01-2013,2013
Total,95575,109364,204939,19016,20538,39554,114591,129902,244493,LATINA / TODOS,01-01-2013,2013
0 - 4,4017,3932,7949,1140,1098,2238,5157,5030,10187,LATINA / TODOS,01-01-2013,2013
5 - 9,4352,4190,8542,590,586,1176,4942,4776,9718,LATINA / TODOS,01-01-2013,2013
10 - 14,3897,3726,7623,800,764,1564,4697,4490,9187,LATINA / TODOS,01-01-2013,2013
15 - 19,3913,3704,7617,932,961,1893,4845,4665,9510,LATINA / TODOS,01-01-2013,2013
20 - 24,4272,4227,8499,1383,1839,3222,5655,6066,11721,LATINA / TODOS,01-01-2013,2013
25 - 29,5140,4803,9943,2346,3057,5403,7486,7860,15346,LATINA / TODOS,01-01-2013,2013
30 - 34,6313,6204,12517,3298,3301,6599,9611,9505,19116,LATINA / TODOS,01-01-2013,2013
35 - 39,7496,7416,14912,2738,2657,5395,10234,10073,20307,LATINA / TODOS,01-01-2013,2013
40 - 44,7667,7961,15628,2214,1995,4209,9881,9956,19837,LATINA / TODOS,01-01-2013,2013
45 - 49,7430,8086,15516,1449,1582,3031,8879,9668,18547,LATINA / TODOS,01-01-2013,2013
50 - 54,6687,7333,14020,967,1139,2106,7654,8472,16126,LATINA / TODOS,01-01-2013,2013
55 - 59,5524,6394,11918,616,716,1332,6140,7110,13250,LATINA / TODOS,01-01-2013,2013
60 - 64,4957,6665,11622,287,373,660,5244,7038,12282,LATINA / TODOS,01-01-2013,2013
65 - 69,5852,8643,14495,109,214,323,5961,8857,14818,LATINA / TODOS,01-01-2013,2013
70 - 74,6082,7680,13762,79,120,199,6161,7800,13961,LATINA / TODOS,01-01-2013,2013
75 - 79,5543,7195,12738,33,85,118,5576,7280,12856,LATINA / TODOS,01-01-2013,2013
80 - 84,3859,5787,9646,26,31,57,3885,5818,9703,LATINA / TODOS,01-01-2013,2013
85 - 89,1863,3451,5314,7,12,19,1870,3463,5333,LATINA / TODOS,01-01-2013,2013
90 - 94,558,1482,2040,2,7,9,560,1489,2049,LATINA / TODOS,01-01-2013,2013
95 - 99,127,414,541,0,1,1,127,415,542,LATINA / TODOS,01-01-2013,2013
100 o más,26,71,97,0,0,0,26,71,97,LATINA / TODOS,01-01-2013,2013
Total,93412,107695,201107,23104,24227,47331,116516,131922,248438,CARABANCHEL / TODOS,01-01-2013,2013
0 - 4,5207,4987,10194,1527,1401,2928,6734,6388,13122,CARABANCHEL / TODOS,01-01-2013,2013
5 - 9,5451,5237,10688,712,701,1413,6163,5938,12101,CARABANCHEL / TODOS,01-01-2013,2013
10 - 14,4167,3974,8141,1012,960,1972,5179,4934,10113,CARABANCHEL / TODOS,01-01-2013,2013
15 - 19,4049,4005,8054,1143,1197,2340,5192,5202,10394,CARABANCHEL / TODOS,01-01-2013,2013
20 - 24,4360,4112,8472,1675,2093,3768,6035,6205,12240,CARABANCHEL / TODOS,01-01-2013,2013
25 - 29,4623,4661,9284,2814,3452,6266,7437,8113,15550,CARABANCHEL / TODOS,01-01-2013,2013
30 - 34,6028,6438,12466,3780,4028,7808,9808,10466,20274,CARABANCHEL / TODOS,01-01-2013,2013
35 - 39,8328,8862,17190,3469,3144,6613,11797,12006,23803,CARABANCHEL / TODOS,01-01-2013,2013
40 - 44,8463,8670,17133,2698,2471,5169,11161,11141,22302,CARABANCHEL / TODOS,01-01-2013,2013
45 - 49,7649,8192,15841,1845,1824,3669,9494,10016,19510,CARABANCHEL / TODOS,01-01-2013,2013
50 - 54,6528,7298,13826,1195,1227,2422,7723,8525,16248,CARABANCHEL / TODOS,01-01-2013,2013
55 - 59,5117,6031,11148,683,806,1489,5800,6837,12637,CARABANCHEL / TODOS,01-01-2013,2013
60 - 64,4652,5964,10616,296,445,741,4948,6409,11357,CARABANCHEL / TODOS,01-01-2013,2013
65 - 69,4692,6285,10977,110,202,312,4802,6487,11289,CARABANCHEL / TODOS,01-01-2013,2013
70 - 74,4034,5675,9709,77,137,214,4111,5812,9923,CARABANCHEL / TODOS,01-01-2013,2013
75 - 79,4388,6451,10839,36,74,110,4424,6525,10949,CARABANCHEL / TODOS,01-01-2013,2013
80 - 84,3313,5629,8942,18,38,56,3331,5667,8998,CARABANCHEL / TODOS,01-01-2013,2013
85 - 89,1682,3392,5074,10,21,31,1692,3413,5105,CARABANCHEL / TODOS,01-01-2013,2013
90 - 94,572,1436,2008,4,5,9,576,1441,2017,CARABANCHEL / TODOS,01-01-2013,2013
95 - 99,96,342,438,0,0,0,96,342,438,CARABANCHEL / TODOS,01-01-2013,2013
100 o más,13,54,67,0,1,1,13,55,68,CARABANCHEL / TODOS,01-01-2013,2013
Total,50785,57730,108515,13869,14240,28109,64654,71970,136624,USERA / TODOS,01-01-2013,2013
0 - 4,2830,2778,5608,986,884,1870,3816,3662,7478,USERA / TODOS,01-01-2013,2013
5 - 9,3257,3055,6312,444,409,853,3701,3464,7165,USERA / TODOS,01-01-2013,2013
10 - 14,2675,2444,5119,610,548,1158,3285,2992,6277,USERA / TODOS,01-01-2013,2013
15 - 19,2396,2327,4723,766,737,1503,3162,3064,6226,USERA / TODOS,01-01-2013,2013
20 - 24,2441,2499,4940,987,1175,2162,3428,3674,7102,USERA / TODOS,01-01-2013,2013
25 - 29,2583,2512,5095,1601,2027,3628,4184,4539,8723,USERA / TODOS,01-01-2013,2013
30 - 34,3130,3289,6419,2251,2304,4555,5381,5593,10974,USERA / TODOS,01-01-2013,2013
35 - 39,4308,4603,8911,2048,1943,3991,6356,6546,12902,USERA / TODOS,01-01-2013,2013
40 - 44,4523,4611,9134,1718,1544,3262,6241,6155,12396,USERA / TODOS,01-01-2013,2013
45 - 49,4294,4480,8774,1142,1096,2238,5436,5576,11012,USERA / TODOS,01-01-2013,2013
50 - 54,3677,4058,7735,654,655,1309,4331,4713,9044,USERA / TODOS,01-01-2013,2013
55 - 59,2970,3250,6220,365,410,775,3335,3660,6995,USERA / TODOS,01-01-2013,2013
60 - 64,2429,2855,5284,142,216,358,2571,3071,5642,USERA / TODOS,01-01-2013,2013
65 - 69,2187,2868,5055,62,128,190,2249,2996,5245,USERA / TODOS,01-01-2013,2013
70 - 74,1773,2560,4333,51,71,122,1824,2631,4455,USERA / TODOS,01-01-2013,2013
75 - 79,2197,3561,5758,24,53,77,2221,3614,5835,USERA / TODOS,01-01-2013,2013
80 - 84,1884,3158,5042,9,27,36,1893,3185,5078,USERA / TODOS,01-01-2013,2013
85 - 89,917,1857,2774,9,9,18,926,1866,2792,USERA / TODOS,01-01-2013,2013
90 - 94,271,765,1036,0,3,3,271,768,1039,USERA / TODOS,01-01-2013,2013
95 - 99,35,173,208,0,1,1,35,174,209,USERA / TODOS,01-01-2013,2013
100 o más,8,27,35,0,0,0,8,27,35,USERA / TODOS,01-01-2013,2013
Total,92055,102442,194497,19667,19995,39662,111722,122437,234159,PUENTE DE VALLECAS / TODOS,01-01-2013,2013
0 - 4,4326,4020,8346,1426,1314,2740,5752,5334,11086,PUENTE DE VALLECAS / TODOS,01-01-2013,2013
5 - 9,4891,4510,9401,659,621,1280,5550,5131,10681,PUENTE DE VALLECAS / TODOS,01-01-2013,2013
10 - 14,4503,4340,8843,901,805,1706,5404,5145,10549,PUENTE DE VALLECAS / TODOS,01-01-2013,2013
15 - 19,4835,4526,9361,1065,1021,2086,5900,5547,11447,PUENTE DE VALLECAS / TODOS,01-01-2013,2013
20 - 24,5429,4925,10354,1421,1676,3097,6850,6601,13451,PUENTE DE VALLECAS / TODOS,01-01-2013,2013
25 - 29,5278,5087,10365,2319,2834,5153,7597,7921,15518,PUENTE DE VALLECAS / TODOS,01-01-2013,2013
30 - 34,5888,5988,11876,3252,3324,6576,9140,9312,18452,PUENTE DE VALLECAS / TODOS,01-01-2013,2013
35 - 39,6997,6839,13836,2977,2705,5682,9974,9544,19518,PUENTE DE VALLECAS / TODOS,01-01-2013,2013
40 - 44,7111,7585,14696,2341,1954,4295,9452,9539,18991,PUENTE DE VALLECAS / TODOS,01-01-2013,2013
45 - 49,8265,8915,17180,1441,1446,2887,9706,10361,20067,PUENTE DE VALLECAS / TODOS,01-01-2013,2013
50 - 54,7636,8333,15969,928,988,1916,8564,9321,17885,PUENTE DE VALLECAS / TODOS,01-01-2013,2013
55 - 59,5835,6291,12126,491,601,1092,6326,6892,13218,PUENTE DE VALLECAS / TODOS,01-01-2013,2013
60 - 64,4545,5147,9692,230,324,554,4775,5471,10246,PUENTE DE VALLECAS / TODOS,01-01-2013,2013
65 - 69,3955,5098,9053,98,162,260,4053,5260,9313,PUENTE DE VALLECAS / TODOS,01-01-2013,2013
70 - 74,3282,4753,8035,54,104,158,3336,4857,8193,PUENTE DE VALLECAS / TODOS,01-01-2013,2013
75 - 79,3949,6025,9974,34,67,101,3983,6092,10075,PUENTE DE VALLECAS / TODOS,01-01-2013,2013
80 - 84,3267,5411,8678,25,34,59,3292,5445,8737,PUENTE DE VALLECAS / TODOS,01-01-2013,2013
85 - 89,1557,3161,4718,4,7,11,1561,3168,4729,PUENTE DE VALLECAS / TODOS,01-01-2013,2013
90 - 94,430,1169,1599,0,5,5,430,1174,1604,PUENTE DE VALLECAS / TODOS,01-01-2013,2013
95 - 99,68,276,344,0,2,2,68,278,346,PUENTE DE VALLECAS / TODOS,01-01-2013,2013
100 o más,8,43,51,1,1,2,9,44,53,PUENTE DE VALLECAS / TODOS,01-01-2013,2013
Total,41326,47895,89221,4093,5019,9112,45419,52914,98333,MORATALAZ / TODOS,01-01-2013,2013
0 - 4,1662,1607,3269,254,234,488,1916,1841,3757,MORATALAZ / TODOS,01-01-2013,2013
5 - 9,1955,1883,3838,116,128,244,2071,2011,4082,MORATALAZ / TODOS,01-01-2013,2013
10 - 14,2038,1959,3997,165,176,341,2203,2135,4338,MORATALAZ / TODOS,01-01-2013,2013
15 - 19,2173,2055,4228,226,238,464,2399,2293,4692,MORATALAZ / TODOS,01-01-2013,2013
20 - 24,2137,2004,4141,332,424,756,2469,2428,4897,MORATALAZ / TODOS,01-01-2013,2013
25 - 29,2120,2012,4132,540,744,1284,2660,2756,5416,MORATALAZ / TODOS,01-01-2013,2013
30 - 34,2386,2321,4707,673,811,1484,3059,3132,6191,MORATALAZ / TODOS,01-01-2013,2013
35 - 39,2721,2841,5562,603,625,1228,3324,3466,6790,MORATALAZ / TODOS,01-01-2013,2013
40 - 44,3170,3532,6702,470,500,970,3640,4032,7672,MORATALAZ / TODOS,01-01-2013,2013
45 - 49,3621,4029,7650,279,389,668,3900,4418,8318,MORATALAZ / TODOS,01-01-2013,2013
50 - 54,3262,3551,6813,161,308,469,3423,3859,7282,MORATALAZ / TODOS,01-01-2013,2013
55 - 59,2428,2977,5405,111,189,300,2539,3166,5705,MORATALAZ / TODOS,01-01-2013,2013
60 - 64,2156,2786,4942,59,86,145,2215,2872,5087,MORATALAZ / TODOS,01-01-2013,2013
65 - 69,2240,3168,5408,35,70,105,2275,3238,5513,MORATALAZ / TODOS,01-01-2013,2013
70 - 74,2171,3125,5296,34,48,82,2205,3173,5378,MORATALAZ / TODOS,01-01-2013,2013
75 - 79,2461,3429,5890,20,27,47,2481,3456,5937,MORATALAZ / TODOS,01-01-2013,2013
80 - 84,1687,2566,4253,7,13,20,1694,2579,4273,MORATALAZ / TODOS,01-01-2013,2013
85 - 89,715,1354,2069,6,9,15,721,1363,2084,MORATALAZ / TODOS,01-01-2013,2013
90 - 94,181,521,702,2,0,2,183,521,704,MORATALAZ / TODOS,01-01-2013,2013
95 - 99,38,149,187,0,0,0,38,149,187,MORATALAZ / TODOS,01-01-2013,2013
100 o más,4,26,30,0,0,0,4,26,30,MORATALAZ / TODOS,01-01-2013,2013
Total,85520,102112,187632,14669,17529,32198,100189,119641,219830,CIUDAD LINEAL / TODOS,01-01-2013,2013
0 - 4,3910,3623,7533,888,853,1741,4798,4476,9274,CIUDAD LINEAL / TODOS,01-01-2013,2013
5 - 9,4270,4128,8398,425,459,884,4695,4587,9282,CIUDAD LINEAL / TODOS,01-01-2013,2013
10 - 14,4047,3808,7855,603,555,1158,4650,4363,9013,CIUDAD LINEAL / TODOS,01-01-2013,2013
15 - 19,3960,3822,7782,748,686,1434,4708,4508,9216,CIUDAD LINEAL / TODOS,01-01-2013,2013
20 - 24,4320,4047,8367,1041,1335,2376,5361,5382,10743,CIUDAD LINEAL / TODOS,01-01-2013,2013
25 - 29,4562,4642,9204,1753,2664,4417,6315,7306,13621,CIUDAD LINEAL / TODOS,01-01-2013,2013
30 - 34,5459,5516,10975,2512,2956,5468,7971,8472,16443,CIUDAD LINEAL / TODOS,01-01-2013,2013
35 - 39,6507,6659,13166,2227,2395,4622,8734,9054,17788,CIUDAD LINEAL / TODOS,01-01-2013,2013
40 - 44,6492,7322,13814,1616,1781,3397,8108,9103,17211,CIUDAD LINEAL / TODOS,01-01-2013,2013
45 - 49,6900,8159,15059,1156,1351,2507,8056,9510,17566,CIUDAD LINEAL / TODOS,01-01-2013,2013
50 - 54,6424,7785,14209,695,1015,1710,7119,8800,15919,CIUDAD LINEAL / TODOS,01-01-2013,2013
55 - 59,5337,6638,11975,461,650,1111,5798,7288,13086,CIUDAD LINEAL / TODOS,01-01-2013,2013
60 - 64,4719,6170,10889,254,350,604,4973,6520,11493,CIUDAD LINEAL / TODOS,01-01-2013,2013
65 - 69,4662,6419,11081,117,210,327,4779,6629,11408,CIUDAD LINEAL / TODOS,01-01-2013,2013
70 - 74,3788,5632,9420,83,117,200,3871,5749,9620,CIUDAD LINEAL / TODOS,01-01-2013,2013
75 - 79,4267,6676,10943,37,66,103,4304,6742,11046,CIUDAD LINEAL / TODOS,01-01-2013,2013
80 - 84,3497,5838,9335,34,38,72,3531,5876,9407,CIUDAD LINEAL / TODOS,01-01-2013,2013
85 - 89,1780,3346,5126,15,27,42,1795,3373,5168,CIUDAD LINEAL / TODOS,01-01-2013,2013
90 - 94,508,1438,1946,4,18,22,512,1456,1968,CIUDAD LINEAL / TODOS,01-01-2013,2013
95 - 99,99,381,480,0,1,1,99,382,481,CIUDAD LINEAL / TODOS,01-01-2013,2013
100 o más,12,63,75,0,2,2,12,65,77,CIUDAD LINEAL / TODOS,01-01-2013,2013
Total,74558,81648,156206,8135,10158,18293,82693,91806,174499,HORTALEZA / TODOS,01-01-2013,2013
0 - 4,4688,4418,9106,534,492,1026,5222,4910,10132,HORTALEZA / TODOS,01-01-2013,2013
5 - 9,4480,4274,8754,392,410,802,4872,4684,9556,HORTALEZA / TODOS,01-01-2013,2013
10 - 14,3998,3734,7732,491,469,960,4489,4203,8692,HORTALEZA / TODOS,01-01-2013,2013
15 - 19,3660,3428,7088,434,409,843,4094,3837,7931,HORTALEZA / TODOS,01-01-2013,2013
20 - 24,3706,3646,7352,470,644,1114,4176,4290,8466,HORTALEZA / TODOS,01-01-2013,2013
25 - 29,3891,3704,7595,784,1214,1998,4675,4918,9593,HORTALEZA / TODOS,01-01-2013,2013
30 - 34,4892,5125,10017,1168,1666,2834,6060,6791,12851,HORTALEZA / TODOS,01-01-2013,2013
35 - 39,6634,6832,13466,1165,1379,2544,7799,8211,16010,HORTALEZA / TODOS,01-01-2013,2013
40 - 44,6343,6675,13018,943,1142,2085,7286,7817,15103,HORTALEZA / TODOS,01-01-2013,2013
45 - 49,5852,6567,12419,639,813,1452,6491,7380,13871,HORTALEZA / TODOS,01-01-2013,2013
50 - 54,5508,5951,11459,471,531,1002,5979,6482,12461,HORTALEZA / TODOS,01-01-2013,2013
55 - 59,4284,4851,9135,274,378,652,4558,5229,9787,HORTALEZA / TODOS,01-01-2013,2013
60 - 64,3920,4841,8761,136,215,351,4056,5056,9112,HORTALEZA / TODOS,01-01-2013,2013
65 - 69,4013,4957,8970,83,142,225,4096,5099,9195,HORTALEZA / TODOS,01-01-2013,2013
70 - 74,3085,3639,6724,78,122,200,3163,3761,6924,HORTALEZA / TODOS,01-01-2013,2013
75 - 79,2590,3565,6155,33,56,89,2623,3621,6244,HORTALEZA / TODOS,01-01-2013,2013
80 - 84,1847,2760,4607,21,44,65,1868,2804,4672,HORTALEZA / TODOS,01-01-2013,2013
85 - 89,836,1659,2495,16,23,39,852,1682,2534,HORTALEZA / TODOS,01-01-2013,2013
90 - 94,270,750,1020,1,6,7,271,756,1027,HORTALEZA / TODOS,01-01-2013,2013
95 - 99,53,235,288,2,2,4,55,237,292,HORTALEZA / TODOS,01-01-2013,2013
100 o más,8,37,45,0,1,1,8,38,46,HORTALEZA / TODOS,01-01-2013,2013
Total,55693,60949,116642,14435,13797,28232,70128,74746,144874,VILLAVERDE / TODOS,01-01-2013,2013
0 - 4,3259,3019,6278,1103,1009,2112,4362,4028,8390,VILLAVERDE / TODOS,01-01-2013,2013
5 - 9,3608,3366,6974,492,499,991,4100,3865,7965,VILLAVERDE / TODOS,01-01-2013,2013
10 - 14,2779,2783,5562,603,576,1179,3382,3359,6741,VILLAVERDE / TODOS,01-01-2013,2013
15 - 19,2659,2664,5323,765,698,1463,3424,3362,6786,VILLAVERDE / TODOS,01-01-2013,2013
20 - 24,2795,2812,5607,1059,1181,2240,3854,3993,7847,VILLAVERDE / TODOS,01-01-2013,2013
25 - 29,2767,2743,5510,1604,1798,3402,4371,4541,8912,VILLAVERDE / TODOS,01-01-2013,2013
30 - 34,3404,3411,6815,2350,2115,4465,5754,5526,11280,VILLAVERDE / TODOS,01-01-2013,2013
35 - 39,4623,4962,9585,2188,1762,3950,6811,6724,13535,VILLAVERDE / TODOS,01-01-2013,2013
40 - 44,4911,5025,9936,1652,1378,3030,6563,6403,12966,VILLAVERDE / TODOS,01-01-2013,2013
45 - 49,4970,5077,10047,1175,1022,2197,6145,6099,12244,VILLAVERDE / TODOS,01-01-2013,2013
50 - 54,4133,4175,8308,756,758,1514,4889,4933,9822,VILLAVERDE / TODOS,01-01-2013,2013
55 - 59,2890,3141,6031,371,440,811,3261,3581,6842,VILLAVERDE / TODOS,01-01-2013,2013
60 - 64,2455,2904,5359,176,260,436,2631,3164,5795,VILLAVERDE / TODOS,01-01-2013,2013
65 - 69,2602,3293,5895,61,133,194,2663,3426,6089,VILLAVERDE / TODOS,01-01-2013,2013
70 - 74,2303,3049,5352,32,78,110,2335,3127,5462,VILLAVERDE / TODOS,01-01-2013,2013
75 - 79,2633,3721,6354,27,49,76,2660,3770,6430,VILLAVERDE / TODOS,01-01-2013,2013
80 - 84,1915,2768,4683,15,27,42,1930,2795,4725,VILLAVERDE / TODOS,01-01-2013,2013
85 - 89,763,1437,2200,5,11,16,768,1448,2216,VILLAVERDE / TODOS,01-01-2013,2013
90 - 94,192,467,659,1,1,2,193,468,661,VILLAVERDE / TODOS,01-01-2013,2013
95 - 99,29,116,145,0,2,2,29,118,147,VILLAVERDE / TODOS,01-01-2013,2013
100 o más,3,16,19,0,0,0,3,16,19,VILLAVERDE / TODOS,01-01-2013,2013
Total,41206,43338,84544,6461,6663,13124,47667,50001,97668,VILLA DE VALLECAS / TODOS,01-01-2013,2013
0 - 4,3206,2917,6123,488,506,994,3694,3423,7117,VILLA DE VALLECAS / TODOS,01-01-2013,2013
5 - 9,2481,2247,4728,313,319,632,2794,2566,5360,VILLA DE VALLECAS / TODOS,01-01-2013,2013
10 - 14,1968,1882,3850,315,299,614,2283,2181,4464,VILLA DE VALLECAS / TODOS,01-01-2013,2013
15 - 19,1912,1686,3598,315,302,617,2227,1988,4215,VILLA DE VALLECAS / TODOS,01-01-2013,2013
20 - 24,2112,2020,4132,502,534,1036,2614,2554,5168,VILLA DE VALLECAS / TODOS,01-01-2013,2013
25 - 29,2565,2779,5344,773,955,1728,3338,3734,7072,VILLA DE VALLECAS / TODOS,01-01-2013,2013
30 - 34,4373,4700,9073,1077,1047,2124,5450,5747,11197,VILLA DE VALLECAS / TODOS,01-01-2013,2013
35 - 39,5176,4998,10174,930,852,1782,6106,5850,11956,VILLA DE VALLECAS / TODOS,01-01-2013,2013
40 - 44,3488,3523,7011,678,598,1276,4166,4121,8287,VILLA DE VALLECAS / TODOS,01-01-2013,2013
45 - 49,2979,3128,6107,452,447,899,3431,3575,7006,VILLA DE VALLECAS / TODOS,01-01-2013,2013
50 - 54,2672,2873,5545,269,329,598,2941,3202,6143,VILLA DE VALLECAS / TODOS,01-01-2013,2013
55 - 59,1985,2260,4245,184,227,411,2169,2487,4656,VILLA DE VALLECAS / TODOS,01-01-2013,2013
60 - 64,1783,1999,3782,87,102,189,1870,2101,3971,VILLA DE VALLECAS / TODOS,01-01-2013,2013
65 - 69,1492,1625,3117,32,57,89,1524,1682,3206,VILLA DE VALLECAS / TODOS,01-01-2013,2013
70 - 74,1004,1302,2306,29,48,77,1033,1350,2383,VILLA DE VALLECAS / TODOS,01-01-2013,2013
75 - 79,973,1383,2356,5,20,25,978,1403,2381,VILLA DE VALLECAS / TODOS,01-01-2013,2013
80 - 84,621,1042,1663,8,13,21,629,1055,1684,VILLA DE VALLECAS / TODOS,01-01-2013,2013
85 - 89,306,633,939,3,6,9,309,639,948,VILLA DE VALLECAS / TODOS,01-01-2013,2013
90 - 94,94,272,366,1,1,2,95,273,368,VILLA DE VALLECAS / TODOS,01-01-2013,2013
95 - 99,14,62,76,0,1,1,14,63,77,VILLA DE VALLECAS / TODOS,01-01-2013,2013
100 o más,2,7,9,0,0,0,2,7,9,VILLA DE VALLECAS / TODOS,01-01-2013,2013
Total,29657,31106,60763,4850,4944,9794,34507,36050,70557,VICALVARO / TODOS,01-01-2013,2013
0 - 4,2192,1970,4162,341,324,665,2533,2294,4827,VICALVARO / TODOS,01-01-2013,2013
5 - 9,2206,2252,4458,227,218,445,2433,2470,4903,VICALVARO / TODOS,01-01-2013,2013
10 - 14,1768,1658,3426,224,180,404,1992,1838,3830,VICALVARO / TODOS,01-01-2013,2013
15 - 19,1463,1446,2909,244,246,490,1707,1692,3399,VICALVARO / TODOS,01-01-2013,2013
20 - 24,1299,1239,2538,372,478,850,1671,1717,3388,VICALVARO / TODOS,01-01-2013,2013
25 - 29,1208,1150,2358,571,705,1276,1779,1855,3634,VICALVARO / TODOS,01-01-2013,2013
30 - 34,1633,1682,3315,778,802,1580,2411,2484,4895,VICALVARO / TODOS,01-01-2013,2013
35 - 39,3024,3319,6343,687,570,1257,3711,3889,7600,VICALVARO / TODOS,01-01-2013,2013
40 - 44,3291,3304,6595,535,467,1002,3826,3771,7597,VICALVARO / TODOS,01-01-2013,2013
45 - 49,2963,2909,5872,349,362,711,3312,3271,6583,VICALVARO / TODOS,01-01-2013,2013
50 - 54,2165,2140,4305,243,262,505,2408,2402,4810,VICALVARO / TODOS,01-01-2013,2013
55 - 59,1316,1395,2711,134,154,288,1450,1549,2999,VICALVARO / TODOS,01-01-2013,2013
60 - 64,1004,1219,2223,74,67,141,1078,1286,2364,VICALVARO / TODOS,01-01-2013,2013
65 - 69,1017,1412,2429,34,44,78,1051,1456,2507,VICALVARO / TODOS,01-01-2013,2013
70 - 74,1146,1319,2465,18,35,53,1164,1354,2518,VICALVARO / TODOS,01-01-2013,2013
75 - 79,1013,1232,2245,13,14,27,1026,1246,2272,VICALVARO / TODOS,01-01-2013,2013
80 - 84,647,797,1444,5,9,14,652,806,1458,VICALVARO / TODOS,01-01-2013,2013
85 - 89,219,454,673,1,4,5,220,458,678,VICALVARO / TODOS,01-01-2013,2013
90 - 94,71,154,225,0,2,2,71,156,227,VICALVARO / TODOS,01-01-2013,2013
95 - 99,11,52,63,0,1,1,11,53,64,VICALVARO / TODOS,01-01-2013,2013
100 o más,1,3,4,0,0,0,1,3,4,VICALVARO / TODOS,01-01-2013,2013
Total,65363,72182,137545,8791,9716,18507,74154,81898,156052,SAN BLAS-CANILLEJAS / TODOS,01-01-2013,2013
0 - 4,3449,3342,6791,495,522,1017,3944,3864,7808,SAN BLAS-CANILLEJAS / TODOS,01-01-2013,2013
5 - 9,4342,4075,8417,294,308,602,4636,4383,9019,SAN BLAS-CANILLEJAS / TODOS,01-01-2013,2013
10 - 14,3773,3588,7361,405,410,815,4178,3998,8176,SAN BLAS-CANILLEJAS / TODOS,01-01-2013,2013
15 - 19,3086,3030,6116,421,452,873,3507,3482,6989,SAN BLAS-CANILLEJAS / TODOS,01-01-2013,2013
20 - 24,3197,3008,6205,607,775,1382,3804,3783,7587,SAN BLAS-CANILLEJAS / TODOS,01-01-2013,2013
25 - 29,3238,3007,6245,1053,1415,2468,4291,4422,8713,SAN BLAS-CANILLEJAS / TODOS,01-01-2013,2013
30 - 34,3852,3887,7739,1493,1570,3063,5345,5457,10802,SAN BLAS-CANILLEJAS / TODOS,01-01-2013,2013
35 - 39,4994,5495,10489,1351,1285,2636,6345,6780,13125,SAN BLAS-CANILLEJAS / TODOS,01-01-2013,2013
40 - 44,6344,6637,12981,983,995,1978,7327,7632,14959,SAN BLAS-CANILLEJAS / TODOS,01-01-2013,2013
45 - 49,6382,6757,13139,717,688,1405,7099,7445,14544,SAN BLAS-CANILLEJAS / TODOS,01-01-2013,2013
50 - 54,5511,5508,11019,439,521,960,5950,6029,11979,SAN BLAS-CANILLEJAS / TODOS,01-01-2013,2013
55 - 59,3790,4047,7837,254,342,596,4044,4389,8433,SAN BLAS-CANILLEJAS / TODOS,01-01-2013,2013
60 - 64,2958,3361,6319,138,218,356,3096,3579,6675,SAN BLAS-CANILLEJAS / TODOS,01-01-2013,2013
65 - 69,2560,3106,5666,77,99,176,2637,3205,5842,SAN BLAS-CANILLEJAS / TODOS,01-01-2013,2013
70 - 74,2007,2851,4858,35,53,88,2042,2904,4946,SAN BLAS-CANILLEJAS / TODOS,01-01-2013,2013
75 - 79,2506,3961,6467,16,30,46,2522,3991,6513,SAN BLAS-CANILLEJAS / TODOS,01-01-2013,2013
80 - 84,2112,3575,5687,9,26,35,2121,3601,5722,SAN BLAS-CANILLEJAS / TODOS,01-01-2013,2013
85 - 89,975,2027,3002,4,5,9,979,2032,3011,SAN BLAS-CANILLEJAS / TODOS,01-01-2013,2013
90 - 94,251,750,1001,0,1,1,251,751,1002,SAN BLAS-CANILLEJAS / TODOS,01-01-2013,2013
95 - 99,29,145,174,0,1,1,29,146,175,SAN BLAS-CANILLEJAS / TODOS,01-01-2013,2013
100 o más,7,24,31,0,0,0,7,24,31,SAN BLAS-CANILLEJAS / TODOS,01-01-2013,2013
No Consta,0,1,1,0,0,0,0,1,1,SAN BLAS-CANILLEJAS / TODOS,01-01-2013,2013
Total,20106,20969,41075,2361,2770,5131,22467,23739,46206,BARAJAS / TODOS,01-01-2013,2013
0 - 4,1283,1166,2449,127,122,249,1410,1288,2698,BARAJAS / TODOS,01-01-2013,2013
5 - 9,1388,1258,2646,108,99,207,1496,1357,2853,BARAJAS / TODOS,01-01-2013,2013
10 - 14,1078,1024,2102,135,105,240,1213,1129,2342,BARAJAS / TODOS,01-01-2013,2013
15 - 19,909,807,1716,109,116,225,1018,923,1941,BARAJAS / TODOS,01-01-2013,2013
20 - 24,861,862,1723,141,163,304,1002,1025,2027,BARAJAS / TODOS,01-01-2013,2013
25 - 29,1109,1031,2140,229,361,590,1338,1392,2730,BARAJAS / TODOS,01-01-2013,2013
30 - 34,1506,1455,2961,363,465,828,1869,1920,3789,BARAJAS / TODOS,01-01-2013,2013
35 - 39,1863,1935,3798,337,418,755,2200,2353,4553,BARAJAS / TODOS,01-01-2013,2013
40 - 44,1874,1916,3790,312,305,617,2186,2221,4407,BARAJAS / TODOS,01-01-2013,2013
45 - 49,1612,1779,3391,190,195,385,1802,1974,3776,BARAJAS / TODOS,01-01-2013,2013
50 - 54,1371,1389,2760,141,152,293,1512,1541,3053,BARAJAS / TODOS,01-01-2013,2013
55 - 59,1116,1198,2314,60,102,162,1176,1300,2476,BARAJAS / TODOS,01-01-2013,2013
60 - 64,1121,1404,2525,48,62,110,1169,1466,2635,BARAJAS / TODOS,01-01-2013,2013
65 - 69,1110,1289,2399,27,49,76,1137,1338,2475,BARAJAS / TODOS,01-01-2013,2013
70 - 74,774,821,1595,15,20,35,789,841,1630,BARAJAS / TODOS,01-01-2013,2013
75 - 79,549,640,1189,13,15,28,562,655,1217,BARAJAS / TODOS,01-01-2013,2013
80 - 84,341,482,823,4,9,13,345,491,836,BARAJAS / TODOS,01-01-2013,2013
85 - 89,165,297,462,1,10,11,166,307,473,BARAJAS / TODOS,01-01-2013,2013
90 - 94,59,164,223,0,2,2,59,166,225,BARAJAS / TODOS,01-01-2013,2013
95 - 99,14,47,61,1,0,1,15,47,62,BARAJAS / TODOS,01-01-2013,2013
100 o más,3,5,8,0,0,0,3,5,8,BARAJAS / TODOS,01-01-2013,2013
Total,50058,54301,104359,16447,14131,30578,66505,68432,134937,CENTRO / TODOS,01-01-2014,2014
0 - 4,1722,1637,3359,575,561,1136,2297,2198,4495,CENTRO / TODOS,01-01-2014,2014
5 - 9,1555,1560,3115,343,319,662,1898,1879,3777,CENTRO / TODOS,01-01-2014,2014
10 - 14,1395,1348,2743,265,263,528,1660,1611,3271,CENTRO / TODOS,01-01-2014,2014
15 - 19,1284,1235,2519,405,365,770,1689,1600,3289,CENTRO / TODOS,01-01-2014,2014
20 - 24,1741,1673,3414,1241,1358,2599,2982,3031,6013,CENTRO / TODOS,01-01-2014,2014
25 - 29,3149,3291,6440,2493,2591,5084,5642,5882,11524,CENTRO / TODOS,01-01-2014,2014
30 - 34,5120,4982,10102,3275,2688,5963,8395,7670,16065,CENTRO / TODOS,01-01-2014,2014
35 - 39,5882,5302,11184,2764,1885,4649,8646,7187,15833,CENTRO / TODOS,01-01-2014,2014
40 - 44,5332,4436,9768,1913,1259,3172,7245,5695,12940,CENTRO / TODOS,01-01-2014,2014
45 - 49,4747,4266,9013,1283,936,2219,6030,5202,11232,CENTRO / TODOS,01-01-2014,2014
50 - 54,4109,4050,8159,825,684,1509,4934,4734,9668,CENTRO / TODOS,01-01-2014,2014
55 - 59,3456,3735,7191,487,504,991,3943,4239,8182,CENTRO / TODOS,01-01-2014,2014
60 - 64,2617,3088,5705,252,311,563,2869,3399,6268,CENTRO / TODOS,01-01-2014,2014
65 - 69,2355,2831,5186,141,172,313,2496,3003,5499,CENTRO / TODOS,01-01-2014,2014
70 - 74,1739,2449,4188,99,104,203,1838,2553,4391,CENTRO / TODOS,01-01-2014,2014
75 - 79,1412,2392,3804,41,64,105,1453,2456,3909,CENTRO / TODOS,01-01-2014,2014
80 - 84,1296,2670,3966,31,40,71,1327,2710,4037,CENTRO / TODOS,01-01-2014,2014
85 - 89,772,1964,2736,11,18,29,783,1982,2765,CENTRO / TODOS,01-01-2014,2014
90 - 94,310,1017,1327,2,7,9,312,1024,1336,CENTRO / TODOS,01-01-2014,2014
95 - 99,55,322,377,1,2,3,56,324,380,CENTRO / TODOS,01-01-2014,2014
100 o más,10,53,63,0,0,0,10,53,63,CENTRO / TODOS,01-01-2014,2014
Total,62512,72757,135269,7942,8841,16783,70454,81598,152052,ARGANZUELA / TODOS,01-01-2014,2014
0 - 4,2962,2835,5797,401,407,808,3363,3242,6605,ARGANZUELA / TODOS,01-01-2014,2014
5 - 9,2826,2908,5734,179,206,385,3005,3114,6119,ARGANZUELA / TODOS,01-01-2014,2014
10 - 14,2876,2722,5598,219,215,434,3095,2937,6032,ARGANZUELA / TODOS,01-01-2014,2014
15 - 19,2563,2481,5044,320,282,602,2883,2763,5646,ARGANZUELA / TODOS,01-01-2014,2014
20 - 24,2695,2631,5326,544,690,1234,3239,3321,6560,ARGANZUELA / TODOS,01-01-2014,2014
25 - 29,3678,3775,7453,969,1383,2352,4647,5158,9805,ARGANZUELA / TODOS,01-01-2014,2014
30 - 34,5235,5208,10443,1463,1642,3105,6698,6850,13548,ARGANZUELA / TODOS,01-01-2014,2014
35 - 39,5511,5876,11387,1320,1177,2497,6831,7053,13884,ARGANZUELA / TODOS,01-01-2014,2014
40 - 44,5290,5579,10869,925,891,1816,6215,6470,12685,ARGANZUELA / TODOS,01-01-2014,2014
45 - 49,5583,5970,11553,619,670,1289,6202,6640,12842,ARGANZUELA / TODOS,01-01-2014,2014
50 - 54,5048,5941,10989,442,492,934,5490,6433,11923,ARGANZUELA / TODOS,01-01-2014,2014
55 - 59,4457,5549,10006,233,308,541,4690,5857,10547,ARGANZUELA / TODOS,01-01-2014,2014
60 - 64,3739,4522,8261,150,222,372,3889,4744,8633,ARGANZUELA / TODOS,01-01-2014,2014
65 - 69,2964,3885,6849,78,113,191,3042,3998,7040,ARGANZUELA / TODOS,01-01-2014,2014
70 - 74,2183,3036,5219,32,68,100,2215,3104,5319,ARGANZUELA / TODOS,01-01-2014,2014
75 - 79,1840,3016,4856,26,33,59,1866,3049,4915,ARGANZUELA / TODOS,01-01-2014,2014
80 - 84,1671,3079,4750,8,16,24,1679,3095,4774,ARGANZUELA / TODOS,01-01-2014,2014
85 - 89,934,2217,3151,12,14,26,946,2231,3177,ARGANZUELA / TODOS,01-01-2014,2014
90 - 94,381,1192,1573,2,12,14,383,1204,1587,ARGANZUELA / TODOS,01-01-2014,2014
95 - 99,65,287,352,0,0,0,65,287,352,ARGANZUELA / TODOS,01-01-2014,2014
100 o más,11,48,59,0,0,0,11,48,59,ARGANZUELA / TODOS,01-01-2014,2014
Total,50107,60293,110400,3666,5082,8748,53773,65375,119148,RETIRO / TODOS,01-01-2014,2014
0 - 4,2234,2189,4423,164,162,326,2398,2351,4749,RETIRO / TODOS,01-01-2014,2014
5 - 9,2251,2146,4397,107,120,227,2358,2266,4624,RETIRO / TODOS,01-01-2014,2014
10 - 14,2096,2052,4148,108,108,216,2204,2160,4364,RETIRO / TODOS,01-01-2014,2014
15 - 19,2116,2001,4117,141,134,275,2257,2135,4392,RETIRO / TODOS,01-01-2014,2014
20 - 24,2298,2305,4603,237,369,606,2535,2674,5209,RETIRO / TODOS,01-01-2014,2014
25 - 29,2966,3019,5985,467,749,1216,3433,3768,7201,RETIRO / TODOS,01-01-2014,2014
30 - 34,3732,3681,7413,611,891,1502,4343,4572,8915,RETIRO / TODOS,01-01-2014,2014
35 - 39,3820,4069,7889,536,700,1236,4356,4769,9125,RETIRO / TODOS,01-01-2014,2014
40 - 44,3757,3836,7593,422,509,931,4179,4345,8524,RETIRO / TODOS,01-01-2014,2014
45 - 49,3674,4140,7814,300,407,707,3974,4547,8521,RETIRO / TODOS,01-01-2014,2014
50 - 54,3556,4288,7844,192,337,529,3748,4625,8373,RETIRO / TODOS,01-01-2014,2014
55 - 59,3481,4574,8055,122,227,349,3603,4801,8404,RETIRO / TODOS,01-01-2014,2014
60 - 64,3258,4420,7678,81,126,207,3339,4546,7885,RETIRO / TODOS,01-01-2014,2014
65 - 69,3143,4204,7347,62,100,162,3205,4304,7509,RETIRO / TODOS,01-01-2014,2014
70 - 74,2527,3447,5974,41,66,107,2568,3513,6081,RETIRO / TODOS,01-01-2014,2014
75 - 79,2054,3133,5187,46,34,80,2100,3167,5267,RETIRO / TODOS,01-01-2014,2014
80 - 84,1687,3045,4732,18,15,33,1705,3060,4765,RETIRO / TODOS,01-01-2014,2014
85 - 89,996,2229,3225,7,14,21,1003,2243,3246,RETIRO / TODOS,01-01-2014,2014
90 - 94,373,1111,1484,3,10,13,376,1121,1497,RETIRO / TODOS,01-01-2014,2014
95 - 99,74,334,408,0,2,2,74,336,410,RETIRO / TODOS,01-01-2014,2014
100 o más,14,70,84,1,2,3,15,72,87,RETIRO / TODOS,01-01-2014,2014
Total,55989,70923,126912,7173,10010,17183,63162,80933,144095,SALAMANCA / TODOS,01-01-2014,2014
0 - 4,2545,2430,4975,299,321,620,2844,2751,5595,SALAMANCA / TODOS,01-01-2014,2014
5 - 9,2392,2285,4677,188,151,339,2580,2436,5016,SALAMANCA / TODOS,01-01-2014,2014
10 - 14,2246,2278,4524,153,169,322,2399,2447,4846,SALAMANCA / TODOS,01-01-2014,2014
15 - 19,2252,2204,4456,219,201,420,2471,2405,4876,SALAMANCA / TODOS,01-01-2014,2014
20 - 24,2609,2584,5193,530,803,1333,3139,3387,6526,SALAMANCA / TODOS,01-01-2014,2014
25 - 29,3498,3869,7367,1148,1827,2975,4646,5696,10342,SALAMANCA / TODOS,01-01-2014,2014
30 - 34,4296,4630,8926,1373,1810,3183,5669,6440,12109,SALAMANCA / TODOS,01-01-2014,2014
35 - 39,4499,4817,9316,997,1262,2259,5496,6079,11575,SALAMANCA / TODOS,01-01-2014,2014
40 - 44,4088,4545,8633,666,899,1565,4754,5444,10198,SALAMANCA / TODOS,01-01-2014,2014
45 - 49,4159,4934,9093,502,789,1291,4661,5723,10384,SALAMANCA / TODOS,01-01-2014,2014
50 - 54,4063,5055,9118,355,603,958,4418,5658,10076,SALAMANCA / TODOS,01-01-2014,2014
55 - 59,3862,4993,8855,237,452,689,4099,5445,9544,SALAMANCA / TODOS,01-01-2014,2014
60 - 64,3455,4717,8172,165,285,450,3620,5002,8622,SALAMANCA / TODOS,01-01-2014,2014
65 - 69,3243,4507,7750,128,175,303,3371,4682,8053,SALAMANCA / TODOS,01-01-2014,2014
70 - 74,2590,4010,6600,84,106,190,2674,4116,6790,SALAMANCA / TODOS,01-01-2014,2014
75 - 79,2179,3913,6092,64,62,126,2243,3975,6218,SALAMANCA / TODOS,01-01-2014,2014
80 - 84,2053,4031,6084,37,38,75,2090,4069,6159,SALAMANCA / TODOS,01-01-2014,2014
85 - 89,1293,2934,4227,18,28,46,1311,2962,4273,SALAMANCA / TODOS,01-01-2014,2014
90 - 94,528,1580,2108,8,20,28,536,1600,2136,SALAMANCA / TODOS,01-01-2014,2014
95 - 99,119,498,617,1,4,5,120,502,622,SALAMANCA / TODOS,01-01-2014,2014
100 o más,20,109,129,1,5,6,21,114,135,SALAMANCA / TODOS,01-01-2014,2014
Total,58713,70691,129404,5426,8294,13720,64139,78985,143124,CHAMARTIN / TODOS,01-01-2014,2014
0 - 4,2979,2978,5957,265,258,523,3244,3236,6480,CHAMARTIN / TODOS,01-01-2014,2014
5 - 9,2917,2785,5702,169,171,340,3086,2956,6042,CHAMARTIN / TODOS,01-01-2014,2014
10 - 14,2631,2621,5252,151,176,327,2782,2797,5579,CHAMARTIN / TODOS,01-01-2014,2014
15 - 19,2736,2580,5316,194,196,390,2930,2776,5706,CHAMARTIN / TODOS,01-01-2014,2014
20 - 24,2980,2769,5749,296,472,768,3276,3241,6517,CHAMARTIN / TODOS,01-01-2014,2014
25 - 29,3588,3599,7187,650,1183,1833,4238,4782,9020,CHAMARTIN / TODOS,01-01-2014,2014
30 - 34,4365,4382,8747,879,1445,2324,5244,5827,11071,CHAMARTIN / TODOS,01-01-2014,2014
35 - 39,4654,4875,9529,763,1114,1877,5417,5989,11406,CHAMARTIN / TODOS,01-01-2014,2014
40 - 44,4400,4919,9319,599,884,1483,4999,5803,10802,CHAMARTIN / TODOS,01-01-2014,2014
45 - 49,4215,4884,9099,463,720,1183,4678,5604,10282,CHAMARTIN / TODOS,01-01-2014,2014
50 - 54,4107,5128,9235,328,560,888,4435,5688,10123,CHAMARTIN / TODOS,01-01-2014,2014
55 - 59,3824,4844,8668,209,387,596,4033,5231,9264,CHAMARTIN / TODOS,01-01-2014,2014
60 - 64,3441,4552,7993,132,242,374,3573,4794,8367,CHAMARTIN / TODOS,01-01-2014,2014
65 - 69,3302,4525,7827,97,155,252,3399,4680,8079,CHAMARTIN / TODOS,01-01-2014,2014
70 - 74,2600,3882,6482,91,124,215,2691,4006,6697,CHAMARTIN / TODOS,01-01-2014,2014
75 - 79,2222,3641,5863,57,69,126,2279,3710,5989,CHAMARTIN / TODOS,01-01-2014,2014
80 - 84,1930,3450,5380,52,51,103,1982,3501,5483,CHAMARTIN / TODOS,01-01-2014,2014
85 - 89,1197,2570,3767,16,58,74,1213,2628,3841,CHAMARTIN / TODOS,01-01-2014,2014
90 - 94,500,1287,1787,11,23,34,511,1310,1821,CHAMARTIN / TODOS,01-01-2014,2014
95 - 99,104,352,456,4,4,8,108,356,464,CHAMARTIN / TODOS,01-01-2014,2014
100 o más,21,68,89,0,2,2,21,70,91,CHAMARTIN / TODOS,01-01-2014,2014
Total,56914,68230,125144,12575,15424,27999,69489,83654,153143,TETUAN / TODOS,01-01-2014,2014
0 - 4,2578,2370,4948,775,715,1490,3353,3085,6438,TETUAN / TODOS,01-01-2014,2014
5 - 9,2450,2432,4882,441,349,790,2891,2781,5672,TETUAN / TODOS,01-01-2014,2014
10 - 14,2286,2142,4428,485,440,925,2771,2582,5353,TETUAN / TODOS,01-01-2014,2014
15 - 19,2234,2100,4334,555,561,1116,2789,2661,5450,TETUAN / TODOS,01-01-2014,2014
20 - 24,2594,2601,5195,897,1292,2189,3491,3893,7384,TETUAN / TODOS,01-01-2014,2014
25 - 29,3815,3885,7700,1507,2428,3935,5322,6313,11635,TETUAN / TODOS,01-01-2014,2014
30 - 34,4882,4789,9671,2187,2782,4969,7069,7571,14640,TETUAN / TODOS,01-01-2014,2014
35 - 39,5035,5115,10150,1808,2052,3860,6843,7167,14010,TETUAN / TODOS,01-01-2014,2014
40 - 44,4569,4881,9450,1372,1521,2893,5941,6402,12343,TETUAN / TODOS,01-01-2014,2014
45 - 49,4442,5064,9506,1056,1177,2233,5498,6241,11739,TETUAN / TODOS,01-01-2014,2014
50 - 54,4214,5007,9221,646,822,1468,4860,5829,10689,TETUAN / TODOS,01-01-2014,2014
55 - 59,3644,4786,8430,382,518,900,4026,5304,9330,TETUAN / TODOS,01-01-2014,2014
60 - 64,3046,4093,7139,217,319,536,3263,4412,7675,TETUAN / TODOS,01-01-2014,2014
65 - 69,2764,3879,6643,99,192,291,2863,4071,6934,TETUAN / TODOS,01-01-2014,2014
70 - 74,2329,3393,5722,58,115,173,2387,3508,5895,TETUAN / TODOS,01-01-2014,2014
75 - 79,2165,3577,5742,43,69,112,2208,3646,5854,TETUAN / TODOS,01-01-2014,2014
80 - 84,1993,3784,5777,24,43,67,2017,3827,5844,TETUAN / TODOS,01-01-2014,2014
85 - 89,1296,2752,4048,16,18,34,1312,2770,4082,TETUAN / TODOS,01-01-2014,2014
90 - 94,488,1250,1738,7,7,14,495,1257,1752,TETUAN / TODOS,01-01-2014,2014
95 - 99,78,288,366,0,4,4,78,292,370,TETUAN / TODOS,01-01-2014,2014
100 o más,12,42,54,0,0,0,12,42,54,TETUAN / TODOS,01-01-2014,2014
Total,53796,69337,123133,6734,9309,16043,60530,78646,139176,CHAMBERI / TODOS,01-01-2014,2014
0 - 4,2306,2210,4516,311,262,573,2617,2472,5089,CHAMBERI / TODOS,01-01-2014,2014
5 - 9,2142,2130,4272,163,170,333,2305,2300,4605,CHAMBERI / TODOS,01-01-2014,2014
10 - 14,2132,2048,4180,196,199,395,2328,2247,4575,CHAMBERI / TODOS,01-01-2014,2014
15 - 19,2046,2053,4099,208,244,452,2254,2297,4551,CHAMBERI / TODOS,01-01-2014,2014
20 - 24,2467,2363,4830,561,976,1537,3028,3339,6367,CHAMBERI / TODOS,01-01-2014,2014
25 - 29,3516,4097,7613,1018,1565,2583,4534,5662,10196,CHAMBERI / TODOS,01-01-2014,2014
30 - 34,4504,4811,9315,1240,1651,2891,5744,6462,12206,CHAMBERI / TODOS,01-01-2014,2014
35 - 39,4518,4839,9357,940,1205,2145,5458,6044,11502,CHAMBERI / TODOS,01-01-2014,2014
40 - 44,3958,4365,8323,689,787,1476,4647,5152,9799,CHAMBERI / TODOS,01-01-2014,2014
45 - 49,3809,4518,8327,505,695,1200,4314,5213,9527,CHAMBERI / TODOS,01-01-2014,2014
50 - 54,3799,4695,8494,330,518,848,4129,5213,9342,CHAMBERI / TODOS,01-01-2014,2014
55 - 59,3666,4922,8588,201,424,625,3867,5346,9213,CHAMBERI / TODOS,01-01-2014,2014
60 - 64,3496,4748,8244,144,267,411,3640,5015,8655,CHAMBERI / TODOS,01-01-2014,2014
65 - 69,3145,4618,7763,87,136,223,3232,4754,7986,CHAMBERI / TODOS,01-01-2014,2014
70 - 74,2413,3908,6321,58,84,142,2471,3992,6463,CHAMBERI / TODOS,01-01-2014,2014
75 - 79,2096,3664,5760,32,42,74,2128,3706,5834,CHAMBERI / TODOS,01-01-2014,2014
80 - 84,1900,3922,5822,25,39,64,1925,3961,5886,CHAMBERI / TODOS,01-01-2014,2014
85 - 89,1235,3093,4328,17,27,44,1252,3120,4372,CHAMBERI / TODOS,01-01-2014,2014
90 - 94,501,1673,2174,6,11,17,507,1684,2191,CHAMBERI / TODOS,01-01-2014,2014
95 - 99,129,552,681,0,4,4,129,556,685,CHAMBERI / TODOS,01-01-2014,2014
100 o más,18,108,126,3,3,6,21,111,132,CHAMBERI / TODOS,01-01-2014,2014
Total,101542,112855,214397,8190,10611,18801,109732,123466,233198,FUENCARRAL-EL PARDO / TODOS,01-01-2014,2014
0 - 4,6988,6488,13476,569,536,1105,7557,7024,14581,FUENCARRAL-EL PARDO / TODOS,01-01-2014,2014
5 - 9,6057,5779,11836,335,380,715,6392,6159,12551,FUENCARRAL-EL PARDO / TODOS,01-01-2014,2014
10 - 14,4843,4646,9489,343,315,658,5186,4961,10147,FUENCARRAL-EL PARDO / TODOS,01-01-2014,2014
15 - 19,4385,4255,8640,371,355,726,4756,4610,9366,FUENCARRAL-EL PARDO / TODOS,01-01-2014,2014
20 - 24,4670,4540,9210,556,776,1332,5226,5316,10542,FUENCARRAL-EL PARDO / TODOS,01-01-2014,2014
25 - 29,5712,5520,11232,850,1412,2262,6562,6932,13494,FUENCARRAL-EL PARDO / TODOS,01-01-2014,2014
30 - 34,7179,7371,14550,1277,1841,3118,8456,9212,17668,FUENCARRAL-EL PARDO / TODOS,01-01-2014,2014
35 - 39,9228,9812,19040,1271,1471,2742,10499,11283,21782,FUENCARRAL-EL PARDO / TODOS,01-01-2014,2014
40 - 44,8520,8561,17081,897,1029,1926,9417,9590,19007,FUENCARRAL-EL PARDO / TODOS,01-01-2014,2014
45 - 49,7070,7611,14681,588,790,1378,7658,8401,16059,FUENCARRAL-EL PARDO / TODOS,01-01-2014,2014
50 - 54,6366,7425,13791,425,608,1033,6791,8033,14824,FUENCARRAL-EL PARDO / TODOS,01-01-2014,2014
55 - 59,5830,7332,13162,283,420,703,6113,7752,13865,FUENCARRAL-EL PARDO / TODOS,01-01-2014,2014
60 - 64,5650,7193,12843,137,278,415,5787,7471,13258,FUENCARRAL-EL PARDO / TODOS,01-01-2014,2014
65 - 69,6135,7534,13669,110,161,271,6245,7695,13940,FUENCARRAL-EL PARDO / TODOS,01-01-2014,2014
70 - 74,4678,5588,10266,81,92,173,4759,5680,10439,FUENCARRAL-EL PARDO / TODOS,01-01-2014,2014
75 - 79,3677,4814,8491,51,76,127,3728,4890,8618,FUENCARRAL-EL PARDO / TODOS,01-01-2014,2014
80 - 84,2624,3993,6617,28,35,63,2652,4028,6680,FUENCARRAL-EL PARDO / TODOS,01-01-2014,2014
85 - 89,1363,2712,4075,12,21,33,1375,2733,4108,FUENCARRAL-EL PARDO / TODOS,01-01-2014,2014
90 - 94,464,1261,1725,5,10,15,469,1271,1740,FUENCARRAL-EL PARDO / TODOS,01-01-2014,2014
95 - 99,86,355,441,1,3,4,87,358,445,FUENCARRAL-EL PARDO / TODOS,01-01-2014,2014
100 o más,17,65,82,0,2,2,17,67,84,FUENCARRAL-EL PARDO / TODOS,01-01-2014,2014
Total,48011,55596,103607,5135,7405,12540,53146,63001,116147,MONCLOA-ARAVACA / TODOS,01-01-2014,2014
0 - 4,2330,2256,4586,262,235,497,2592,2491,5083,MONCLOA-ARAVACA / TODOS,01-01-2014,2014
5 - 9,2775,2557,5332,183,144,327,2958,2701,5659,MONCLOA-ARAVACA / TODOS,01-01-2014,2014
10 - 14,2747,2614,5361,181,164,345,2928,2778,5706,MONCLOA-ARAVACA / TODOS,01-01-2014,2014
15 - 19,2338,2438,4776,188,233,421,2526,2671,5197,MONCLOA-ARAVACA / TODOS,01-01-2014,2014
20 - 24,2326,2319,4645,447,831,1278,2773,3150,5923,MONCLOA-ARAVACA / TODOS,01-01-2014,2014
25 - 29,2689,2631,5320,682,1101,1783,3371,3732,7103,MONCLOA-ARAVACA / TODOS,01-01-2014,2014
30 - 34,3056,2954,6010,806,1210,2016,3862,4164,8026,MONCLOA-ARAVACA / TODOS,01-01-2014,2014
35 - 39,3296,3652,6948,714,932,1646,4010,4584,8594,MONCLOA-ARAVACA / TODOS,01-01-2014,2014
40 - 44,3538,3785,7323,521,771,1292,4059,4556,8615,MONCLOA-ARAVACA / TODOS,01-01-2014,2014
45 - 49,3878,4261,8139,414,579,993,4292,4840,9132,MONCLOA-ARAVACA / TODOS,01-01-2014,2014
50 - 54,3725,4079,7804,284,427,711,4009,4506,8515,MONCLOA-ARAVACA / TODOS,01-01-2014,2014
55 - 59,3141,3864,7005,195,331,526,3336,4195,7531,MONCLOA-ARAVACA / TODOS,01-01-2014,2014
60 - 64,2869,3542,6411,89,185,274,2958,3727,6685,MONCLOA-ARAVACA / TODOS,01-01-2014,2014
65 - 69,2729,3474,6203,66,101,167,2795,3575,6370,MONCLOA-ARAVACA / TODOS,01-01-2014,2014
70 - 74,2036,2821,4857,42,61,103,2078,2882,4960,MONCLOA-ARAVACA / TODOS,01-01-2014,2014
75 - 79,1807,2751,4558,29,38,67,1836,2789,4625,MONCLOA-ARAVACA / TODOS,01-01-2014,2014
80 - 84,1521,2541,4062,17,30,47,1538,2571,4109,MONCLOA-ARAVACA / TODOS,01-01-2014,2014
85 - 89,808,1779,2587,11,17,28,819,1796,2615,MONCLOA-ARAVACA / TODOS,01-01-2014,2014
90 - 94,310,935,1245,2,10,12,312,945,1257,MONCLOA-ARAVACA / TODOS,01-01-2014,2014
95 - 99,82,277,359,2,5,7,84,282,366,MONCLOA-ARAVACA / TODOS,01-01-2014,2014
100 o más,10,66,76,0,0,0,10,66,76,MONCLOA-ARAVACA / TODOS,01-01-2014,2014
Total,94965,108911,203876,16594,18388,34982,111559,127299,238858,LATINA / TODOS,01-01-2014,2014
0 - 4,3815,3741,7556,1054,1028,2082,4869,4769,9638,LATINA / TODOS,01-01-2014,2014
5 - 9,4407,4202,8609,558,550,1108,4965,4752,9717,LATINA / TODOS,01-01-2014,2014
10 - 14,4008,3851,7859,643,654,1297,4651,4505,9156,LATINA / TODOS,01-01-2014,2014
15 - 19,3832,3689,7521,870,869,1739,4702,4558,9260,LATINA / TODOS,01-01-2014,2014
20 - 24,4236,4204,8440,1204,1570,2774,5440,5774,11214,LATINA / TODOS,01-01-2014,2014
25 - 29,4998,4671,9669,1925,2512,4437,6923,7183,14106,LATINA / TODOS,01-01-2014,2014
30 - 34,5964,5827,11791,2626,2899,5525,8590,8726,17316,LATINA / TODOS,01-01-2014,2014
35 - 39,7237,7252,14489,2454,2340,4794,9691,9592,19283,LATINA / TODOS,01-01-2014,2014
40 - 44,7577,7945,15522,1899,1833,3732,9476,9778,19254,LATINA / TODOS,01-01-2014,2014
45 - 49,7673,8093,15766,1335,1447,2782,9008,9540,18548,LATINA / TODOS,01-01-2014,2014
50 - 54,6683,7461,14144,931,1090,2021,7614,8551,16165,LATINA / TODOS,01-01-2014,2014
55 - 59,5785,6678,12463,557,747,1304,6342,7425,13767,LATINA / TODOS,01-01-2014,2014
60 - 64,4881,6209,11090,280,373,653,5161,6582,11743,LATINA / TODOS,01-01-2014,2014
65 - 69,5529,8291,13820,118,209,327,5647,8500,14147,LATINA / TODOS,01-01-2014,2014
70 - 74,6069,8103,14172,71,127,198,6140,8230,14370,LATINA / TODOS,01-01-2014,2014
75 - 79,5556,7068,12624,36,85,121,5592,7153,12745,LATINA / TODOS,01-01-2014,2014
80 - 84,3934,5893,9827,23,35,58,3957,5928,9885,LATINA / TODOS,01-01-2014,2014
85 - 89,1977,3687,5664,8,11,19,1985,3698,5683,LATINA / TODOS,01-01-2014,2014
90 - 94,660,1580,2240,2,7,9,662,1587,2249,LATINA / TODOS,01-01-2014,2014
95 - 99,120,403,523,0,1,1,120,404,524,LATINA / TODOS,01-01-2014,2014
100 o más,24,63,87,0,1,1,24,64,88,LATINA / TODOS,01-01-2014,2014
Total,93505,107914,201419,20277,21877,42154,113782,129791,243573,CARABANCHEL / TODOS,01-01-2014,2014
0 - 4,5005,4636,9641,1287,1287,2574,6292,5923,12215,CARABANCHEL / TODOS,01-01-2014,2014
5 - 9,5519,5369,10888,677,685,1362,6196,6054,12250,CARABANCHEL / TODOS,01-01-2014,2014
10 - 14,4368,4199,8567,856,802,1658,5224,5001,10225,CARABANCHEL / TODOS,01-01-2014,2014
15 - 19,4053,3947,8000,1075,1097,2172,5128,5044,10172,CARABANCHEL / TODOS,01-01-2014,2014
20 - 24,4381,4188,8569,1433,1752,3185,5814,5940,11754,CARABANCHEL / TODOS,01-01-2014,2014
25 - 29,4542,4565,9107,2224,2938,5162,6766,7503,14269,CARABANCHEL / TODOS,01-01-2014,2014
30 - 34,5698,6049,11747,3145,3464,6609,8843,9513,18356,CARABANCHEL / TODOS,01-01-2014,2014
35 - 39,7980,8654,16634,3100,2951,6051,11080,11605,22685,CARABANCHEL / TODOS,01-01-2014,2014
40 - 44,8639,8898,17537,2443,2291,4734,11082,11189,22271,CARABANCHEL / TODOS,01-01-2014,2014
45 - 49,7759,8346,16105,1720,1729,3449,9479,10075,19554,CARABANCHEL / TODOS,01-01-2014,2014
50 - 54,6757,7587,14344,1088,1217,2305,7845,8804,16649,CARABANCHEL / TODOS,01-01-2014,2014
55 - 59,5417,6244,11661,673,761,1434,6090,7005,13095,CARABANCHEL / TODOS,01-01-2014,2014
60 - 64,4566,5802,10368,321,447,768,4887,6249,11136,CARABANCHEL / TODOS,01-01-2014,2014
65 - 69,4710,6242,10952,103,202,305,4813,6444,11257,CARABANCHEL / TODOS,01-01-2014,2014
70 - 74,4072,5777,9849,64,111,175,4136,5888,10024,CARABANCHEL / TODOS,01-01-2014,2014
75 - 79,4127,6147,10274,32,78,110,4159,6225,10384,CARABANCHEL / TODOS,01-01-2014,2014
80 - 84,3417,5722,9139,17,39,56,3434,5761,9195,CARABANCHEL / TODOS,01-01-2014,2014
85 - 89,1759,3560,5319,13,21,34,1772,3581,5353,CARABANCHEL / TODOS,01-01-2014,2014
90 - 94,627,1555,2182,4,3,7,631,1558,2189,CARABANCHEL / TODOS,01-01-2014,2014
95 - 99,98,366,464,2,1,3,100,367,467,CARABANCHEL / TODOS,01-01-2014,2014
100 o más,11,61,72,0,1,1,11,62,73,CARABANCHEL / TODOS,01-01-2014,2014
Total,50773,57787,108560,12539,13055,25594,63312,70842,134154,USERA / TODOS,01-01-2014,2014
0 - 4,2600,2565,5165,922,805,1727,3522,3370,6892,USERA / TODOS,01-01-2014,2014
5 - 9,3300,3140,6440,460,409,869,3760,3549,7309,USERA / TODOS,01-01-2014,2014
10 - 14,2787,2560,5347,532,491,1023,3319,3051,6370,USERA / TODOS,01-01-2014,2014
15 - 19,2433,2333,4766,707,648,1355,3140,2981,6121,USERA / TODOS,01-01-2014,2014
20 - 24,2519,2507,5026,895,992,1887,3414,3499,6913,USERA / TODOS,01-01-2014,2014
25 - 29,2533,2478,5011,1321,1729,3050,3854,4207,8061,USERA / TODOS,01-01-2014,2014
30 - 34,2907,3076,5983,1882,2025,3907,4789,5101,9890,USERA / TODOS,01-01-2014,2014
35 - 39,4125,4580,8705,1818,1802,3620,5943,6382,12325,USERA / TODOS,01-01-2014,2014
40 - 44,4635,4729,9364,1553,1483,3036,6188,6212,12400,USERA / TODOS,01-01-2014,2014
45 - 49,4355,4524,8879,1150,1035,2185,5505,5559,11064,USERA / TODOS,01-01-2014,2014
50 - 54,3780,4195,7975,644,679,1323,4424,4874,9298,USERA / TODOS,01-01-2014,2014
55 - 59,3090,3427,6517,352,423,775,3442,3850,7292,USERA / TODOS,01-01-2014,2014
60 - 64,2415,2799,5214,146,233,379,2561,3032,5593,USERA / TODOS,01-01-2014,2014
65 - 69,2231,2875,5106,67,122,189,2298,2997,5295,USERA / TODOS,01-01-2014,2014
70 - 74,1779,2603,4382,46,83,129,1825,2686,4511,USERA / TODOS,01-01-2014,2014
75 - 79,2054,3230,5284,27,48,75,2081,3278,5359,USERA / TODOS,01-01-2014,2014
80 - 84,1912,3264,5176,10,28,38,1922,3292,5214,USERA / TODOS,01-01-2014,2014
85 - 89,960,1881,2841,7,14,21,967,1895,2862,USERA / TODOS,01-01-2014,2014
90 - 94,304,822,1126,0,4,4,304,826,1130,USERA / TODOS,01-01-2014,2014
95 - 99,49,177,226,0,2,2,49,179,228,USERA / TODOS,01-01-2014,2014
100 o más,5,22,27,0,0,0,5,22,27,USERA / TODOS,01-01-2014,2014
Total,91731,102156,193887,17500,18121,35621,109231,120277,229508,PUENTE DE VALLECAS / TODOS,01-01-2014,2014
0 - 4,4036,3713,7749,1296,1223,2519,5332,4936,10268,PUENTE DE VALLECAS / TODOS,01-01-2014,2014
5 - 9,4849,4511,9360,652,581,1233,5501,5092,10593,PUENTE DE VALLECAS / TODOS,01-01-2014,2014
10 - 14,4628,4369,8997,756,684,1440,5384,5053,10437,PUENTE DE VALLECAS / TODOS,01-01-2014,2014
15 - 19,4716,4476,9192,1006,927,1933,5722,5403,11125,PUENTE DE VALLECAS / TODOS,01-01-2014,2014
20 - 24,5381,4961,10342,1171,1424,2595,6552,6385,12937,PUENTE DE VALLECAS / TODOS,01-01-2014,2014
25 - 29,5285,5031,10316,1927,2425,4352,7212,7456,14668,PUENTE DE VALLECAS / TODOS,01-01-2014,2014
30 - 34,5824,5803,11627,2710,2890,5600,8534,8693,17227,PUENTE DE VALLECAS / TODOS,01-01-2014,2014
35 - 39,6796,6839,13635,2702,2513,5215,9498,9352,18850,PUENTE DE VALLECAS / TODOS,01-01-2014,2014
40 - 44,7005,7318,14323,2077,1834,3911,9082,9152,18234,PUENTE DE VALLECAS / TODOS,01-01-2014,2014
45 - 49,8049,8812,16861,1334,1388,2722,9383,10200,19583,PUENTE DE VALLECAS / TODOS,01-01-2014,2014
50 - 54,7784,8551,16335,906,935,1841,8690,9486,18176,PUENTE DE VALLECAS / TODOS,01-01-2014,2014
55 - 59,6253,6728,12981,521,595,1116,6774,7323,14097,PUENTE DE VALLECAS / TODOS,01-01-2014,2014
60 - 64,4520,5113,9633,219,329,548,4739,5442,10181,PUENTE DE VALLECAS / TODOS,01-01-2014,2014
65 - 69,4036,5143,9179,102,167,269,4138,5310,9448,PUENTE DE VALLECAS / TODOS,01-01-2014,2014
70 - 74,3319,4710,8029,60,93,153,3379,4803,8182,PUENTE DE VALLECAS / TODOS,01-01-2014,2014
75 - 79,3635,5605,9240,32,60,92,3667,5665,9332,PUENTE DE VALLECAS / TODOS,01-01-2014,2014
80 - 84,3363,5513,8876,22,39,61,3385,5552,8937,PUENTE DE VALLECAS / TODOS,01-01-2014,2014
85 - 89,1649,3339,4988,6,8,14,1655,3347,5002,PUENTE DE VALLECAS / TODOS,01-01-2014,2014
90 - 94,520,1304,1824,0,2,2,520,1306,1826,PUENTE DE VALLECAS / TODOS,01-01-2014,2014
95 - 99,77,267,344,0,3,3,77,270,347,PUENTE DE VALLECAS / TODOS,01-01-2014,2014
100 o más,6,50,56,1,1,2,7,51,58,PUENTE DE VALLECAS / TODOS,01-01-2014,2014
Total,40845,47438,88283,3670,4518,8188,44515,51956,96471,MORATALAZ / TODOS,01-01-2014,2014
0 - 4,1501,1456,2957,233,225,458,1734,1681,3415,MORATALAZ / TODOS,01-01-2014,2014
5 - 9,1888,1812,3700,137,126,263,2025,1938,3963,MORATALAZ / TODOS,01-01-2014,2014
10 - 14,1989,1981,3970,153,140,293,2142,2121,4263,MORATALAZ / TODOS,01-01-2014,2014
15 - 19,2154,2016,4170,231,228,459,2385,2244,4629,MORATALAZ / TODOS,01-01-2014,2014
20 - 24,2174,2051,4225,288,342,630,2462,2393,4855,MORATALAZ / TODOS,01-01-2014,2014
25 - 29,2067,1962,4029,419,603,1022,2486,2565,5051,MORATALAZ / TODOS,01-01-2014,2014
30 - 34,2321,2232,4553,566,735,1301,2887,2967,5854,MORATALAZ / TODOS,01-01-2014,2014
35 - 39,2565,2659,5224,527,593,1120,3092,3252,6344,MORATALAZ / TODOS,01-01-2014,2014
40 - 44,3043,3383,6426,436,437,873,3479,3820,7299,MORATALAZ / TODOS,01-01-2014,2014
45 - 49,3545,3944,7489,273,370,643,3818,4314,8132,MORATALAZ / TODOS,01-01-2014,2014
50 - 54,3365,3734,7099,147,276,423,3512,4010,7522,MORATALAZ / TODOS,01-01-2014,2014
55 - 59,2540,3045,5585,109,183,292,2649,3228,5877,MORATALAZ / TODOS,01-01-2014,2014
60 - 64,2150,2675,4825,56,101,157,2206,2776,4982,MORATALAZ / TODOS,01-01-2014,2014
65 - 69,2152,3080,5232,27,66,93,2179,3146,5325,MORATALAZ / TODOS,01-01-2014,2014
70 - 74,2204,3130,5334,36,42,78,2240,3172,5412,MORATALAZ / TODOS,01-01-2014,2014
75 - 79,2339,3396,5735,15,27,42,2354,3423,5777,MORATALAZ / TODOS,01-01-2014,2014
80 - 84,1823,2688,4511,8,16,24,1831,2704,4535,MORATALAZ / TODOS,01-01-2014,2014
85 - 89,777,1464,2241,7,5,12,784,1469,2253,MORATALAZ / TODOS,01-01-2014,2014
90 - 94,207,561,768,2,3,5,209,564,773,MORATALAZ / TODOS,01-01-2014,2014
95 - 99,36,139,175,0,0,0,36,139,175,MORATALAZ / TODOS,01-01-2014,2014
100 o más,5,30,35,0,0,0,5,30,35,MORATALAZ / TODOS,01-01-2014,2014
Total,84892,101581,186473,12835,15666,28501,97727,117247,214974,CIUDAD LINEAL / TODOS,01-01-2014,2014
0 - 4,3703,3406,7109,788,771,1559,4491,4177,8668,CIUDAD LINEAL / TODOS,01-01-2014,2014
5 - 9,4208,4032,8240,414,404,818,4622,4436,9058,CIUDAD LINEAL / TODOS,01-01-2014,2014
10 - 14,4108,3934,8042,498,482,980,4606,4416,9022,CIUDAD LINEAL / TODOS,01-01-2014,2014
15 - 19,3919,3734,7653,654,611,1265,4573,4345,8918,CIUDAD LINEAL / TODOS,01-01-2014,2014
20 - 24,4257,4073,8330,896,1172,2068,5153,5245,10398,CIUDAD LINEAL / TODOS,01-01-2014,2014
25 - 29,4518,4565,9083,1359,2190,3549,5877,6755,12632,CIUDAD LINEAL / TODOS,01-01-2014,2014
30 - 34,5170,5348,10518,2099,2578,4677,7269,7926,15195,CIUDAD LINEAL / TODOS,01-01-2014,2014
35 - 39,6429,6481,12910,1990,2200,4190,8419,8681,17100,CIUDAD LINEAL / TODOS,01-01-2014,2014
40 - 44,6377,7154,13531,1452,1624,3076,7829,8778,16607,CIUDAD LINEAL / TODOS,01-01-2014,2014
45 - 49,6863,8089,14952,1094,1237,2331,7957,9326,17283,CIUDAD LINEAL / TODOS,01-01-2014,2014
50 - 54,6433,7892,14325,660,973,1633,7093,8865,15958,CIUDAD LINEAL / TODOS,01-01-2014,2014
55 - 59,5569,6899,12468,424,639,1063,5993,7538,13531,CIUDAD LINEAL / TODOS,01-01-2014,2014
60 - 64,4601,6061,10662,219,306,525,4820,6367,11187,CIUDAD LINEAL / TODOS,01-01-2014,2014
65 - 69,4644,6332,10976,123,202,325,4767,6534,11301,CIUDAD LINEAL / TODOS,01-01-2014,2014
70 - 74,3871,5785,9656,81,133,214,3952,5918,9870,CIUDAD LINEAL / TODOS,01-01-2014,2014
75 - 79,3988,6306,10294,36,63,99,4024,6369,10393,CIUDAD LINEAL / TODOS,01-01-2014,2014
80 - 84,3622,5909,9531,28,41,69,3650,5950,9600,CIUDAD LINEAL / TODOS,01-01-2014,2014
85 - 89,1898,3601,5499,16,23,39,1914,3624,5538,CIUDAD LINEAL / TODOS,01-01-2014,2014
90 - 94,596,1518,2114,4,14,18,600,1532,2132,CIUDAD LINEAL / TODOS,01-01-2014,2014
95 - 99,102,388,490,0,1,1,102,389,491,CIUDAD LINEAL / TODOS,01-01-2014,2014
100 o más,16,74,90,0,2,2,16,76,92,CIUDAD LINEAL / TODOS,01-01-2014,2014
Total,74716,81809,156525,7402,9195,16597,82118,91004,173122,HORTALEZA / TODOS,01-01-2014,2014
0 - 4,4489,4337,8826,494,457,951,4983,4794,9777,HORTALEZA / TODOS,01-01-2014,2014
5 - 9,4599,4275,8874,386,371,757,4985,4646,9631,HORTALEZA / TODOS,01-01-2014,2014
10 - 14,4098,3888,7986,444,449,893,4542,4337,8879,HORTALEZA / TODOS,01-01-2014,2014
15 - 19,3699,3386,7085,390,371,761,4089,3757,7846,HORTALEZA / TODOS,01-01-2014,2014
20 - 24,3699,3614,7313,422,493,915,4121,4107,8228,HORTALEZA / TODOS,01-01-2014,2014
25 - 29,3832,3637,7469,689,1069,1758,4521,4706,9227,HORTALEZA / TODOS,01-01-2014,2014
30 - 34,4658,4780,9438,966,1387,2353,5624,6167,11791,HORTALEZA / TODOS,01-01-2014,2014
35 - 39,6406,6737,13143,1037,1311,2348,7443,8048,15491,HORTALEZA / TODOS,01-01-2014,2014
40 - 44,6348,6769,13117,868,1026,1894,7216,7795,15011,HORTALEZA / TODOS,01-01-2014,2014
45 - 49,5908,6534,12442,653,784,1437,6561,7318,13879,HORTALEZA / TODOS,01-01-2014,2014
50 - 54,5647,6110,11757,420,549,969,6067,6659,12726,HORTALEZA / TODOS,01-01-2014,2014
55 - 59,4478,4993,9471,267,334,601,4745,5327,10072,HORTALEZA / TODOS,01-01-2014,2014
60 - 64,3730,4663,8393,149,222,371,3879,4885,8764,HORTALEZA / TODOS,01-01-2014,2014
65 - 69,4044,5058,9102,78,142,220,4122,5200,9322,HORTALEZA / TODOS,01-01-2014,2014
70 - 74,3329,3914,7243,68,105,173,3397,4019,7416,HORTALEZA / TODOS,01-01-2014,2014
75 - 79,2520,3454,5974,33,59,92,2553,3513,6066,HORTALEZA / TODOS,01-01-2014,2014
80 - 84,1972,2901,4873,24,38,62,1996,2939,4935,HORTALEZA / TODOS,01-01-2014,2014
85 - 89,891,1701,2592,13,17,30,904,1718,2622,HORTALEZA / TODOS,01-01-2014,2014
90 - 94,295,788,1083,0,11,11,295,799,1094,HORTALEZA / TODOS,01-01-2014,2014
95 - 99,66,229,295,1,0,1,67,229,296,HORTALEZA / TODOS,01-01-2014,2014
100 o más,8,41,49,0,0,0,8,41,49,HORTALEZA / TODOS,01-01-2014,2014
Total,55857,61215,117072,12795,12635,25430,68652,73850,142502,VILLAVERDE / TODOS,01-01-2014,2014
0 - 4,3027,2836,5863,983,911,1894,4010,3747,7757,VILLAVERDE / TODOS,01-01-2014,2014
5 - 9,3727,3467,7194,511,497,1008,4238,3964,8202,VILLAVERDE / TODOS,01-01-2014,2014
10 - 14,2937,2855,5792,500,512,1012,3437,3367,6804,VILLAVERDE / TODOS,01-01-2014,2014
15 - 19,2678,2611,5289,665,637,1302,3343,3248,6591,VILLAVERDE / TODOS,01-01-2014,2014
20 - 24,2831,2826,5657,897,999,1896,3728,3825,7553,VILLAVERDE / TODOS,01-01-2014,2014
25 - 29,2742,2775,5517,1304,1603,2907,4046,4378,8424,VILLAVERDE / TODOS,01-01-2014,2014
30 - 34,3158,3264,6422,1905,1886,3791,5063,5150,10213,VILLAVERDE / TODOS,01-01-2014,2014
35 - 39,4462,4808,9270,1999,1628,3627,6461,6436,12897,VILLAVERDE / TODOS,01-01-2014,2014
40 - 44,4954,5031,9985,1517,1307,2824,6471,6338,12809,VILLAVERDE / TODOS,01-01-2014,2014
45 - 49,5065,5228,10293,1120,921,2041,6185,6149,12334,VILLAVERDE / TODOS,01-01-2014,2014
50 - 54,4328,4392,8720,677,723,1400,5005,5115,10120,VILLAVERDE / TODOS,01-01-2014,2014
55 - 59,3088,3291,6379,417,430,847,3505,3721,7226,VILLAVERDE / TODOS,01-01-2014,2014
60 - 64,2410,2799,5209,164,269,433,2574,3068,5642,VILLAVERDE / TODOS,01-01-2014,2014
65 - 69,2549,3243,5792,61,144,205,2610,3387,5997,VILLAVERDE / TODOS,01-01-2014,2014
70 - 74,2258,3111,5369,31,73,104,2289,3184,5473,VILLAVERDE / TODOS,01-01-2014,2014
75 - 79,2570,3528,6098,24,54,78,2594,3582,6176,VILLAVERDE / TODOS,01-01-2014,2014
80 - 84,2000,2928,4928,12,23,35,2012,2951,4963,VILLAVERDE / TODOS,01-01-2014,2014
85 - 89,819,1551,2370,7,13,20,826,1564,2390,VILLAVERDE / TODOS,01-01-2014,2014
90 - 94,229,540,769,1,3,4,230,543,773,VILLAVERDE / TODOS,01-01-2014,2014
95 - 99,23,114,137,0,2,2,23,116,139,VILLAVERDE / TODOS,01-01-2014,2014
100 o más,2,17,19,0,0,0,2,17,19,VILLAVERDE / TODOS,01-01-2014,2014
Total,42363,44617,86980,5800,6153,11953,48163,50770,98933,VILLA DE VALLECAS / TODOS,01-01-2014,2014
0 - 4,3307,3137,6444,449,469,918,3756,3606,7362,VILLA DE VALLECAS / TODOS,01-01-2014,2014
5 - 9,2652,2356,5008,307,308,615,2959,2664,5623,VILLA DE VALLECAS / TODOS,01-01-2014,2014
10 - 14,2091,1973,4064,286,286,572,2377,2259,4636,VILLA DE VALLECAS / TODOS,01-01-2014,2014
15 - 19,1897,1733,3630,290,280,570,2187,2013,4200,VILLA DE VALLECAS / TODOS,01-01-2014,2014
20 - 24,2131,1977,4108,388,425,813,2519,2402,4921,VILLA DE VALLECAS / TODOS,01-01-2014,2014
25 - 29,2487,2670,5157,654,854,1508,3141,3524,6665,VILLA DE VALLECAS / TODOS,01-01-2014,2014
30 - 34,4077,4505,8582,889,922,1811,4966,5427,10393,VILLA DE VALLECAS / TODOS,01-01-2014,2014
35 - 39,5463,5333,10796,896,795,1691,6359,6128,12487,VILLA DE VALLECAS / TODOS,01-01-2014,2014
40 - 44,3839,3752,7591,624,559,1183,4463,4311,8774,VILLA DE VALLECAS / TODOS,01-01-2014,2014
45 - 49,3058,3178,6236,415,448,863,3473,3626,7099,VILLA DE VALLECAS / TODOS,01-01-2014,2014
50 - 54,2714,3028,5742,256,309,565,2970,3337,6307,VILLA DE VALLECAS / TODOS,01-01-2014,2014
55 - 59,2158,2368,4526,182,226,408,2340,2594,4934,VILLA DE VALLECAS / TODOS,01-01-2014,2014
60 - 64,1768,2015,3783,92,124,216,1860,2139,3999,VILLA DE VALLECAS / TODOS,01-01-2014,2014
65 - 69,1598,1728,3326,26,56,82,1624,1784,3408,VILLA DE VALLECAS / TODOS,01-01-2014,2014
70 - 74,1072,1310,2382,26,47,73,1098,1357,2455,VILLA DE VALLECAS / TODOS,01-01-2014,2014
75 - 79,914,1386,2300,7,20,27,921,1406,2327,VILLA DE VALLECAS / TODOS,01-01-2014,2014
80 - 84,688,1102,1790,8,10,18,696,1112,1808,VILLA DE VALLECAS / TODOS,01-01-2014,2014
85 - 89,315,692,1007,4,12,16,319,704,1023,VILLA DE VALLECAS / TODOS,01-01-2014,2014
90 - 94,117,295,412,1,1,2,118,296,414,VILLA DE VALLECAS / TODOS,01-01-2014,2014
95 - 99,15,69,84,0,1,1,15,70,85,VILLA DE VALLECAS / TODOS,01-01-2014,2014
100 o más,2,10,12,0,1,1,2,11,13,VILLA DE VALLECAS / TODOS,01-01-2014,2014
Total,29794,31399,61193,4260,4431,8691,34054,35830,69884,VICALVARO / TODOS,01-01-2014,2014
0 - 4,1982,1847,3829,307,307,614,2289,2154,4443,VICALVARO / TODOS,01-01-2014,2014
5 - 9,2376,2286,4662,204,217,421,2580,2503,5083,VICALVARO / TODOS,01-01-2014,2014
10 - 14,1830,1779,3609,204,156,360,2034,1935,3969,VICALVARO / TODOS,01-01-2014,2014
15 - 19,1517,1493,3010,208,218,426,1725,1711,3436,VICALVARO / TODOS,01-01-2014,2014
20 - 24,1340,1284,2624,349,405,754,1689,1689,3378,VICALVARO / TODOS,01-01-2014,2014
25 - 29,1179,1148,2327,455,575,1030,1634,1723,3357,VICALVARO / TODOS,01-01-2014,2014
30 - 34,1493,1548,3041,624,693,1317,2117,2241,4358,VICALVARO / TODOS,01-01-2014,2014
35 - 39,2742,3054,5796,624,546,1170,3366,3600,6966,VICALVARO / TODOS,01-01-2014,2014
40 - 44,3390,3444,6834,479,408,887,3869,3852,7721,VICALVARO / TODOS,01-01-2014,2014
45 - 49,3034,3028,6062,329,340,669,3363,3368,6731,VICALVARO / TODOS,01-01-2014,2014
50 - 54,2308,2262,4570,207,245,452,2515,2507,5022,VICALVARO / TODOS,01-01-2014,2014
55 - 59,1412,1527,2939,129,156,285,1541,1683,3224,VICALVARO / TODOS,01-01-2014,2014
60 - 64,1006,1174,2180,72,72,144,1078,1246,2324,VICALVARO / TODOS,01-01-2014,2014
65 - 69,995,1359,2354,35,34,69,1030,1393,2423,VICALVARO / TODOS,01-01-2014,2014
70 - 74,1108,1373,2481,12,34,46,1120,1407,2527,VICALVARO / TODOS,01-01-2014,2014
75 - 79,1039,1247,2286,18,9,27,1057,1256,2313,VICALVARO / TODOS,01-01-2014,2014
80 - 84,691,846,1537,3,10,13,694,856,1550,VICALVARO / TODOS,01-01-2014,2014
85 - 89,260,463,723,1,3,4,261,466,727,VICALVARO / TODOS,01-01-2014,2014
90 - 94,74,179,253,0,2,2,74,181,255,VICALVARO / TODOS,01-01-2014,2014
95 - 99,17,54,71,0,1,1,17,55,72,VICALVARO / TODOS,01-01-2014,2014
100 o más,1,4,5,0,0,0,1,4,5,VICALVARO / TODOS,01-01-2014,2014
Total,65177,72190,137367,7810,8611,16421,72987,80801,153788,SAN BLAS-CANILLEJAS / TODOS,01-01-2014,2014
0 - 4,3241,3132,6373,480,445,925,3721,3577,7298,SAN BLAS-CANILLEJAS / TODOS,01-01-2014,2014
5 - 9,4159,3993,8152,281,329,610,4440,4322,8762,SAN BLAS-CANILLEJAS / TODOS,01-01-2014,2014
10 - 14,4006,3740,7746,332,318,650,4338,4058,8396,SAN BLAS-CANILLEJAS / TODOS,01-01-2014,2014
15 - 19,3146,3041,6187,388,399,787,3534,3440,6974,SAN BLAS-CANILLEJAS / TODOS,01-01-2014,2014
20 - 24,3213,3115,6328,497,638,1135,3710,3753,7463,SAN BLAS-CANILLEJAS / TODOS,01-01-2014,2014
25 - 29,3188,3025,6213,873,1127,2000,4061,4152,8213,SAN BLAS-CANILLEJAS / TODOS,01-01-2014,2014
30 - 34,3624,3718,7342,1259,1377,2636,4883,5095,9978,SAN BLAS-CANILLEJAS / TODOS,01-01-2014,2014
35 - 39,4815,5189,10004,1198,1206,2404,6013,6395,12408,SAN BLAS-CANILLEJAS / TODOS,01-01-2014,2014
40 - 44,6035,6470,12505,878,900,1778,6913,7370,14283,SAN BLAS-CANILLEJAS / TODOS,01-01-2014,2014
45 - 49,6470,6786,13256,674,664,1338,7144,7450,14594,SAN BLAS-CANILLEJAS / TODOS,01-01-2014,2014
50 - 54,5685,5759,11444,425,475,900,6110,6234,12344,SAN BLAS-CANILLEJAS / TODOS,01-01-2014,2014
55 - 59,4096,4355,8451,256,311,567,4352,4666,9018,SAN BLAS-CANILLEJAS / TODOS,01-01-2014,2014
60 - 64,2920,3360,6280,135,200,335,3055,3560,6615,SAN BLAS-CANILLEJAS / TODOS,01-01-2014,2014
65 - 69,2666,3147,5813,77,108,185,2743,3255,5998,SAN BLAS-CANILLEJAS / TODOS,01-01-2014,2014
70 - 74,2050,2827,4877,29,52,81,2079,2879,4958,SAN BLAS-CANILLEJAS / TODOS,01-01-2014,2014
75 - 79,2278,3705,5983,16,30,46,2294,3735,6029,SAN BLAS-CANILLEJAS / TODOS,01-01-2014,2014
80 - 84,2197,3605,5802,8,23,31,2205,3628,5833,SAN BLAS-CANILLEJAS / TODOS,01-01-2014,2014
85 - 89,1062,2207,3269,4,6,10,1066,2213,3279,SAN BLAS-CANILLEJAS / TODOS,01-01-2014,2014
90 - 94,285,842,1127,0,2,2,285,844,1129,SAN BLAS-CANILLEJAS / TODOS,01-01-2014,2014
95 - 99,34,139,173,0,1,1,34,140,174,SAN BLAS-CANILLEJAS / TODOS,01-01-2014,2014
100 o más,7,35,42,0,0,0,7,35,42,SAN BLAS-CANILLEJAS / TODOS,01-01-2014,2014
Total,20173,21040,41213,2046,2462,4508,22219,23502,45721,BARAJAS / TODOS,01-01-2014,2014
0 - 4,1269,1141,2410,116,110,226,1385,1251,2636,BARAJAS / TODOS,01-01-2014,2014
5 - 9,1367,1226,2593,107,97,204,1474,1323,2797,BARAJAS / TODOS,01-01-2014,2014
10 - 14,1146,1085,2231,104,85,189,1250,1170,2420,BARAJAS / TODOS,01-01-2014,2014
15 - 19,951,848,1799,100,91,191,1051,939,1990,BARAJAS / TODOS,01-01-2014,2014
20 - 24,850,824,1674,116,136,252,966,960,1926,BARAJAS / TODOS,01-01-2014,2014
25 - 29,999,988,1987,187,299,486,1186,1287,2473,BARAJAS / TODOS,01-01-2014,2014
30 - 34,1468,1345,2813,289,397,686,1757,1742,3499,BARAJAS / TODOS,01-01-2014,2014
35 - 39,1800,1867,3667,317,383,700,2117,2250,4367,BARAJAS / TODOS,01-01-2014,2014
40 - 44,1891,1983,3874,245,257,502,2136,2240,4376,BARAJAS / TODOS,01-01-2014,2014
45 - 49,1692,1763,3455,188,198,386,1880,1961,3841,BARAJAS / TODOS,01-01-2014,2014
50 - 54,1375,1488,2863,113,142,255,1488,1630,3118,BARAJAS / TODOS,01-01-2014,2014
55 - 59,1129,1193,2322,68,98,166,1197,1291,2488,BARAJAS / TODOS,01-01-2014,2014
60 - 64,1051,1335,2386,36,66,102,1087,1401,2488,BARAJAS / TODOS,01-01-2014,2014
65 - 69,1130,1349,2479,26,43,69,1156,1392,2548,BARAJAS / TODOS,01-01-2014,2014
70 - 74,847,926,1773,14,27,41,861,953,1814,BARAJAS / TODOS,01-01-2014,2014
75 - 79,581,617,1198,13,15,28,594,632,1226,BARAJAS / TODOS,01-01-2014,2014
80 - 84,366,503,869,4,6,10,370,509,879,BARAJAS / TODOS,01-01-2014,2014
85 - 89,171,323,494,2,8,10,173,331,504,BARAJAS / TODOS,01-01-2014,2014
90 - 94,76,184,260,0,3,3,76,187,263,BARAJAS / TODOS,01-01-2014,2014
95 - 99,12,41,53,1,0,1,13,41,54,BARAJAS / TODOS,01-01-2014,2014
100 o más,2,11,13,0,1,1,2,12,14,BARAJAS / TODOS,01-01-2014,2014
Total,49824,53769,103593,15000,12975,27975,64824,66744,131568,CENTRO / TODOS,01-01-2015,2015
0 - 4,1649,1585,3234,509,501,1010,2158,2086,4244,CENTRO / TODOS,01-01-2015,2015
5 - 9,1570,1562,3132,313,274,587,1883,1836,3719,CENTRO / TODOS,01-01-2015,2015
10 - 14,1392,1361,2753,236,230,466,1628,1591,3219,CENTRO / TODOS,01-01-2015,2015
15 - 19,1280,1246,2526,353,310,663,1633,1556,3189,CENTRO / TODOS,01-01-2015,2015
20 - 24,1696,1640,3336,1183,1370,2553,2879,3010,5889,CENTRO / TODOS,01-01-2015,2015
25 - 29,3114,3225,6339,2248,2388,4636,5362,5613,10975,CENTRO / TODOS,01-01-2015,2015
30 - 34,4926,4788,9714,2838,2434,5272,7764,7222,14986,CENTRO / TODOS,01-01-2015,2015
35 - 39,5705,5194,10899,2472,1705,4177,8177,6899,15076,CENTRO / TODOS,01-01-2015,2015
40 - 44,5402,4561,9963,1733,1135,2868,7135,5696,12831,CENTRO / TODOS,01-01-2015,2015
45 - 49,4737,4112,8849,1241,855,2096,5978,4967,10945,CENTRO / TODOS,01-01-2015,2015
50 - 54,4211,4061,8272,812,643,1455,5023,4704,9727,CENTRO / TODOS,01-01-2015,2015
55 - 59,3548,3871,7419,472,435,907,4020,4306,8326,CENTRO / TODOS,01-01-2015,2015
60 - 64,2687,3123,5810,264,303,567,2951,3426,6377,CENTRO / TODOS,01-01-2015,2015
65 - 69,2336,2848,5184,150,162,312,2486,3010,5496,CENTRO / TODOS,01-01-2015,2015
70 - 74,1859,2514,4373,97,107,204,1956,2621,4577,CENTRO / TODOS,01-01-2015,2015
75 - 79,1271,2182,3453,39,57,96,1310,2239,3549,CENTRO / TODOS,01-01-2015,2015
80 - 84,1258,2515,3773,28,38,66,1286,2553,3839,CENTRO / TODOS,01-01-2015,2015
85 - 89,805,1987,2792,8,18,26,813,2005,2818,CENTRO / TODOS,01-01-2015,2015
90 - 94,308,1015,1323,3,7,10,311,1022,1333,CENTRO / TODOS,01-01-2015,2015
95 - 99,59,314,373,1,3,4,60,317,377,CENTRO / TODOS,01-01-2015,2015
100 o más,11,65,76,0,0,0,11,65,76,CENTRO / TODOS,01-01-2015,2015
Total,62674,73146,135820,6938,7709,14647,69612,80855,150467,ARGANZUELA / TODOS,01-01-2015,2015
0 - 4,2980,2843,5823,349,325,674,3329,3168,6497,ARGANZUELA / TODOS,01-01-2015,2015
5 - 9,2826,2909,5735,180,190,370,3006,3099,6105,ARGANZUELA / TODOS,01-01-2015,2015
10 - 14,2886,2737,5623,164,176,340,3050,2913,5963,ARGANZUELA / TODOS,01-01-2015,2015
15 - 19,2641,2536,5177,241,247,488,2882,2783,5665,ARGANZUELA / TODOS,01-01-2015,2015
20 - 24,2692,2623,5315,469,648,1117,3161,3271,6432,ARGANZUELA / TODOS,01-01-2015,2015
25 - 29,3432,3676,7108,823,1131,1954,4255,4807,9062,ARGANZUELA / TODOS,01-01-2015,2015
30 - 34,5096,5140,10236,1224,1388,2612,6320,6528,12848,ARGANZUELA / TODOS,01-01-2015,2015
35 - 39,5571,5831,11402,1149,1075,2224,6720,6906,13626,ARGANZUELA / TODOS,01-01-2015,2015
40 - 44,5323,5714,11037,812,754,1566,6135,6468,12603,ARGANZUELA / TODOS,01-01-2015,2015
45 - 49,5422,5888,11310,583,610,1193,6005,6498,12503,ARGANZUELA / TODOS,01-01-2015,2015
50 - 54,5153,5960,11113,410,433,843,5563,6393,11956,ARGANZUELA / TODOS,01-01-2015,2015
55 - 59,4590,5726,10316,231,281,512,4821,6007,10828,ARGANZUELA / TODOS,01-01-2015,2015
60 - 64,3768,4599,8367,153,199,352,3921,4798,8719,ARGANZUELA / TODOS,01-01-2015,2015
65 - 69,3072,4011,7083,68,128,196,3140,4139,7279,ARGANZUELA / TODOS,01-01-2015,2015
70 - 74,2380,3309,5689,35,55,90,2415,3364,5779,ARGANZUELA / TODOS,01-01-2015,2015
75 - 79,1686,2799,4485,25,29,54,1711,2828,4539,ARGANZUELA / TODOS,01-01-2015,2015
80 - 84,1651,2984,4635,9,22,31,1660,3006,4666,ARGANZUELA / TODOS,01-01-2015,2015
85 - 89,996,2284,3280,7,12,19,1003,2296,3299,ARGANZUELA / TODOS,01-01-2015,2015
90 - 94,416,1225,1641,3,6,9,419,1231,1650,ARGANZUELA / TODOS,01-01-2015,2015
95 - 99,82,307,389,1,0,1,83,307,390,ARGANZUELA / TODOS,01-01-2015,2015
100 o más,11,45,56,2,0,2,13,45,58,ARGANZUELA / TODOS,01-01-2015,2015
Total,50050,60253,110303,3335,4574,7909,53385,64827,118212,RETIRO / TODOS,01-01-2015,2015
0 - 4,2191,2167,4358,133,132,265,2324,2299,4623,RETIRO / TODOS,01-01-2015,2015
5 - 9,2252,2195,4447,105,111,216,2357,2306,4663,RETIRO / TODOS,01-01-2015,2015
10 - 14,2119,2078,4197,96,95,191,2215,2173,4388,RETIRO / TODOS,01-01-2015,2015
15 - 19,2123,2015,4138,107,121,228,2230,2136,4366,RETIRO / TODOS,01-01-2015,2015
20 - 24,2276,2271,4547,224,364,588,2500,2635,5135,RETIRO / TODOS,01-01-2015,2015
25 - 29,2840,2864,5704,449,663,1112,3289,3527,6816,RETIRO / TODOS,01-01-2015,2015
30 - 34,3593,3622,7215,520,743,1263,4113,4365,8478,RETIRO / TODOS,01-01-2015,2015
35 - 39,3833,4078,7911,470,596,1066,4303,4674,8977,RETIRO / TODOS,01-01-2015,2015
40 - 44,3835,3884,7719,384,461,845,4219,4345,8564,RETIRO / TODOS,01-01-2015,2015
45 - 49,3577,4082,7659,285,393,678,3862,4475,8337,RETIRO / TODOS,01-01-2015,2015
50 - 54,3641,4281,7922,177,296,473,3818,4577,8395,RETIRO / TODOS,01-01-2015,2015
55 - 59,3474,4548,8022,125,230,355,3599,4778,8377,RETIRO / TODOS,01-01-2015,2015
60 - 64,3249,4384,7633,74,135,209,3323,4519,7842,RETIRO / TODOS,01-01-2015,2015
65 - 69,3157,4255,7412,69,91,160,3226,4346,7572,RETIRO / TODOS,01-01-2015,2015
70 - 74,2732,3684,6416,46,63,109,2778,3747,6525,RETIRO / TODOS,01-01-2015,2015
75 - 79,1922,2956,4878,40,35,75,1962,2991,4953,RETIRO / TODOS,01-01-2015,2015
80 - 84,1698,3020,4718,23,20,43,1721,3040,4761,RETIRO / TODOS,01-01-2015,2015
85 - 89,1051,2304,3355,6,11,17,1057,2315,3372,RETIRO / TODOS,01-01-2015,2015
90 - 94,394,1162,1556,2,11,13,396,1173,1569,RETIRO / TODOS,01-01-2015,2015
95 - 99,82,335,417,0,2,2,82,337,419,RETIRO / TODOS,01-01-2015,2015
100 o más,11,68,79,0,1,1,11,69,80,RETIRO / TODOS,01-01-2015,2015
Total,55910,70866,126776,6717,9350,16067,62627,80216,142843,SALAMANCA / TODOS,01-01-2015,2015
0 - 4,2491,2468,4959,292,281,573,2783,2749,5532,SALAMANCA / TODOS,01-01-2015,2015
5 - 9,2349,2265,4614,166,153,319,2515,2418,4933,SALAMANCA / TODOS,01-01-2015,2015
10 - 14,2284,2313,4597,155,153,308,2439,2466,4905,SALAMANCA / TODOS,01-01-2015,2015
15 - 19,2266,2208,4474,201,186,387,2467,2394,4861,SALAMANCA / TODOS,01-01-2015,2015
20 - 24,2567,2549,5116,582,811,1393,3149,3360,6509,SALAMANCA / TODOS,01-01-2015,2015
25 - 29,3443,3788,7231,1044,1832,2876,4487,5620,10107,SALAMANCA / TODOS,01-01-2015,2015
30 - 34,4255,4607,8862,1197,1630,2827,5452,6237,11689,SALAMANCA / TODOS,01-01-2015,2015
35 - 39,4493,4775,9268,882,1105,1987,5375,5880,11255,SALAMANCA / TODOS,01-01-2015,2015
40 - 44,4104,4621,8725,648,842,1490,4752,5463,10215,SALAMANCA / TODOS,01-01-2015,2015
45 - 49,4072,4832,8904,455,668,1123,4527,5500,10027,SALAMANCA / TODOS,01-01-2015,2015
50 - 54,4173,5037,9210,361,542,903,4534,5579,10113,SALAMANCA / TODOS,01-01-2015,2015
55 - 59,3866,5108,8974,240,428,668,4106,5536,9642,SALAMANCA / TODOS,01-01-2015,2015
60 - 64,3452,4674,8126,150,286,436,3602,4960,8562,SALAMANCA / TODOS,01-01-2015,2015
65 - 69,3213,4584,7797,123,182,305,3336,4766,8102,SALAMANCA / TODOS,01-01-2015,2015
70 - 74,2831,4242,7073,89,102,191,2920,4344,7264,SALAMANCA / TODOS,01-01-2015,2015
75 - 79,1975,3643,5618,63,65,128,2038,3708,5746,SALAMANCA / TODOS,01-01-2015,2015
80 - 84,2067,3913,5980,39,31,70,2106,3944,6050,SALAMANCA / TODOS,01-01-2015,2015
85 - 89,1322,2990,4312,21,24,45,1343,3014,4357,SALAMANCA / TODOS,01-01-2015,2015
90 - 94,540,1631,2171,6,19,25,546,1650,2196,SALAMANCA / TODOS,01-01-2015,2015
95 - 99,126,504,630,2,7,9,128,511,639,SALAMANCA / TODOS,01-01-2015,2015
100 o más,21,114,135,1,3,4,22,117,139,SALAMANCA / TODOS,01-01-2015,2015
Total,58494,70793,129287,4977,7474,12451,63471,78267,141738,CHAMARTIN / TODOS,01-01-2015,2015
0 - 4,2906,2930,5836,237,208,445,3143,3138,6281,CHAMARTIN / TODOS,01-01-2015,2015
5 - 9,2940,2844,5784,142,131,273,3082,2975,6057,CHAMARTIN / TODOS,01-01-2015,2015
10 - 14,2608,2590,5198,146,164,310,2754,2754,5508,CHAMARTIN / TODOS,01-01-2015,2015
15 - 19,2673,2537,5210,147,163,310,2820,2700,5520,CHAMARTIN / TODOS,01-01-2015,2015
20 - 24,2935,2768,5703,280,463,743,3215,3231,6446,CHAMARTIN / TODOS,01-01-2015,2015
25 - 29,3544,3566,7110,584,1044,1628,4128,4610,8738,CHAMARTIN / TODOS,01-01-2015,2015
30 - 34,4239,4350,8589,770,1253,2023,5009,5603,10612,CHAMARTIN / TODOS,01-01-2015,2015
35 - 39,4571,4835,9406,709,1000,1709,5280,5835,11115,CHAMARTIN / TODOS,01-01-2015,2015
40 - 44,4431,4925,9356,543,785,1328,4974,5710,10684,CHAMARTIN / TODOS,01-01-2015,2015
45 - 49,4142,4823,8965,433,652,1085,4575,5475,10050,CHAMARTIN / TODOS,01-01-2015,2015
50 - 54,4186,5130,9316,315,532,847,4501,5662,10163,CHAMARTIN / TODOS,01-01-2015,2015
55 - 59,3882,4938,8820,201,370,571,4083,5308,9391,CHAMARTIN / TODOS,01-01-2015,2015
60 - 64,3455,4481,7936,136,235,371,3591,4716,8307,CHAMARTIN / TODOS,01-01-2015,2015
65 - 69,3279,4620,7899,88,155,243,3367,4775,8142,CHAMARTIN / TODOS,01-01-2015,2015
70 - 74,2810,4124,6934,87,125,212,2897,4249,7146,CHAMARTIN / TODOS,01-01-2015,2015
75 - 79,2078,3384,5462,74,65,139,2152,3449,5601,CHAMARTIN / TODOS,01-01-2015,2015
80 - 84,1946,3504,5450,50,54,104,1996,3558,5554,CHAMARTIN / TODOS,01-01-2015,2015
85 - 89,1205,2635,3840,20,39,59,1225,2674,3899,CHAMARTIN / TODOS,01-01-2015,2015
90 - 94,533,1359,1892,10,27,37,543,1386,1929,CHAMARTIN / TODOS,01-01-2015,2015
95 - 99,109,374,483,4,7,11,113,381,494,CHAMARTIN / TODOS,01-01-2015,2015
100 o más,22,76,98,1,2,3,23,78,101,CHAMARTIN / TODOS,01-01-2015,2015
Total,57242,68668,125910,11218,14185,25403,68460,82853,151313,TETUAN / TODOS,01-01-2015,2015
0 - 4,2559,2362,4921,615,644,1259,3174,3006,6180,TETUAN / TODOS,01-01-2015,2015
5 - 9,2485,2490,4975,389,312,701,2874,2802,5676,TETUAN / TODOS,01-01-2015,2015
10 - 14,2371,2232,4603,396,396,792,2767,2628,5395,TETUAN / TODOS,01-01-2015,2015
15 - 19,2277,2125,4402,488,506,994,2765,2631,5396,TETUAN / TODOS,01-01-2015,2015
20 - 24,2581,2568,5149,780,1157,1937,3361,3725,7086,TETUAN / TODOS,01-01-2015,2015
25 - 29,3784,3773,7557,1340,2123,3463,5124,5896,11020,TETUAN / TODOS,01-01-2015,2015
30 - 34,4834,4899,9733,1848,2553,4401,6682,7452,14134,TETUAN / TODOS,01-01-2015,2015
35 - 39,4927,5030,9957,1677,1892,3569,6604,6922,13526,TETUAN / TODOS,01-01-2015,2015
40 - 44,4703,5027,9730,1296,1409,2705,5999,6436,12435,TETUAN / TODOS,01-01-2015,2015
45 - 49,4472,5034,9506,940,1068,2008,5412,6102,11514,TETUAN / TODOS,01-01-2015,2015
50 - 54,4211,5136,9347,618,824,1442,4829,5960,10789,TETUAN / TODOS,01-01-2015,2015
55 - 59,3840,4910,8750,368,513,881,4208,5423,9631,TETUAN / TODOS,01-01-2015,2015
60 - 64,3046,4086,7132,214,330,544,3260,4416,7676,TETUAN / TODOS,01-01-2015,2015
65 - 69,2772,3867,6639,107,184,291,2879,4051,6930,TETUAN / TODOS,01-01-2015,2015
70 - 74,2461,3668,6129,63,129,192,2524,3797,6321,TETUAN / TODOS,01-01-2015,2015
75 - 79,1954,3195,5149,41,77,118,1995,3272,5267,TETUAN / TODOS,01-01-2015,2015
80 - 84,2039,3800,5839,19,39,58,2058,3839,5897,TETUAN / TODOS,01-01-2015,2015
85 - 89,1315,2806,4121,15,20,35,1330,2826,4156,TETUAN / TODOS,01-01-2015,2015
90 - 94,516,1315,1831,4,5,9,520,1320,1840,TETUAN / TODOS,01-01-2015,2015
95 - 99,88,301,389,0,4,4,88,305,393,TETUAN / TODOS,01-01-2015,2015
100 o más,7,44,51,0,0,0,7,44,51,TETUAN / TODOS,01-01-2015,2015
Total,53702,69374,123076,6231,8460,14691,59933,77834,137767,CHAMBERI / TODOS,01-01-2015,2015
0 - 4,2276,2247,4523,257,229,486,2533,2476,5009,CHAMBERI / TODOS,01-01-2015,2015
5 - 9,2166,2103,4269,158,161,319,2324,2264,4588,CHAMBERI / TODOS,01-01-2015,2015
10 - 14,2112,2062,4174,173,161,334,2285,2223,4508,CHAMBERI / TODOS,01-01-2015,2015
15 - 19,2060,2075,4135,174,223,397,2234,2298,4532,CHAMBERI / TODOS,01-01-2015,2015
20 - 24,2482,2389,4871,562,900,1462,3044,3289,6333,CHAMBERI / TODOS,01-01-2015,2015
25 - 29,3519,4052,7571,909,1490,2399,4428,5542,9970,CHAMBERI / TODOS,01-01-2015,2015
30 - 34,4441,4819,9260,1122,1424,2546,5563,6243,11806,CHAMBERI / TODOS,01-01-2015,2015
35 - 39,4512,4824,9336,854,1030,1884,5366,5854,11220,CHAMBERI / TODOS,01-01-2015,2015
40 - 44,3988,4431,8419,628,766,1394,4616,5197,9813,CHAMBERI / TODOS,01-01-2015,2015
45 - 49,3746,4392,8138,468,629,1097,4214,5021,9235,CHAMBERI / TODOS,01-01-2015,2015
50 - 54,3852,4753,8605,343,468,811,4195,5221,9416,CHAMBERI / TODOS,01-01-2015,2015
55 - 59,3681,4950,8631,213,382,595,3894,5332,9226,CHAMBERI / TODOS,01-01-2015,2015
60 - 64,3366,4732,8098,144,248,392,3510,4980,8490,CHAMBERI / TODOS,01-01-2015,2015
65 - 69,3193,4595,7788,90,138,228,3283,4733,8016,CHAMBERI / TODOS,01-01-2015,2015
70 - 74,2650,4208,6858,60,82,142,2710,4290,7000,CHAMBERI / TODOS,01-01-2015,2015
75 - 79,1890,3406,5296,32,48,80,1922,3454,5376,CHAMBERI / TODOS,01-01-2015,2015
80 - 84,1855,3804,5659,21,37,58,1876,3841,5717,CHAMBERI / TODOS,01-01-2015,2015
85 - 89,1251,3109,4360,13,25,38,1264,3134,4398,CHAMBERI / TODOS,01-01-2015,2015
90 - 94,511,1744,2255,6,13,19,517,1757,2274,CHAMBERI / TODOS,01-01-2015,2015
95 - 99,128,554,682,1,3,4,129,557,686,CHAMBERI / TODOS,01-01-2015,2015
100 o más,23,125,148,3,3,6,26,128,154,CHAMBERI / TODOS,01-01-2015,2015
Total,102408,114006,216414,7375,9552,16927,109783,123558,233341,FUENCARRAL-EL PARDO / TODOS,01-01-2015,2015
0 - 4,6891,6490,13381,483,433,916,7374,6923,14297,FUENCARRAL-EL PARDO / TODOS,01-01-2015,2015
5 - 9,6452,6021,12473,327,341,668,6779,6362,13141,FUENCARRAL-EL PARDO / TODOS,01-01-2015,2015
10 - 14,5010,4869,9879,308,264,572,5318,5133,10451,FUENCARRAL-EL PARDO / TODOS,01-01-2015,2015
15 - 19,4384,4254,8638,336,346,682,4720,4600,9320,FUENCARRAL-EL PARDO / TODOS,01-01-2015,2015
20 - 24,4580,4472,9052,470,697,1167,5050,5169,10219,FUENCARRAL-EL PARDO / TODOS,01-01-2015,2015
25 - 29,5485,5274,10759,708,1171,1879,6193,6445,12638,FUENCARRAL-EL PARDO / TODOS,01-01-2015,2015
30 - 34,6922,7085,14007,1079,1636,2715,8001,8721,16722,FUENCARRAL-EL PARDO / TODOS,01-01-2015,2015
35 - 39,9071,9699,18770,1185,1380,2565,10256,11079,21335,FUENCARRAL-EL PARDO / TODOS,01-01-2015,2015
40 - 44,8885,9108,17993,827,929,1756,9712,10037,19749,FUENCARRAL-EL PARDO / TODOS,01-01-2015,2015
45 - 49,7173,7633,14806,585,735,1320,7758,8368,16126,FUENCARRAL-EL PARDO / TODOS,01-01-2015,2015
50 - 54,6554,7564,14118,398,543,941,6952,8107,15059,FUENCARRAL-EL PARDO / TODOS,01-01-2015,2015
55 - 59,5936,7336,13272,255,417,672,6191,7753,13944,FUENCARRAL-EL PARDO / TODOS,01-01-2015,2015
60 - 64,5523,7068,12591,145,266,411,5668,7334,13002,FUENCARRAL-EL PARDO / TODOS,01-01-2015,2015
65 - 69,6113,7675,13788,92,150,242,6205,7825,14030,FUENCARRAL-EL PARDO / TODOS,01-01-2015,2015
70 - 74,5189,6117,11306,80,106,186,5269,6223,11492,FUENCARRAL-EL PARDO / TODOS,01-01-2015,2015
75 - 79,3524,4628,8152,52,69,121,3576,4697,8273,FUENCARRAL-EL PARDO / TODOS,01-01-2015,2015
80 - 84,2707,4159,6866,31,37,68,2738,4196,6934,FUENCARRAL-EL PARDO / TODOS,01-01-2015,2015
85 - 89,1404,2768,4172,9,22,31,1413,2790,4203,FUENCARRAL-EL PARDO / TODOS,01-01-2015,2015
90 - 94,505,1343,1848,4,9,13,509,1352,1861,FUENCARRAL-EL PARDO / TODOS,01-01-2015,2015
95 - 99,80,370,450,0,1,1,80,371,451,FUENCARRAL-EL PARDO / TODOS,01-01-2015,2015
100 o más,20,73,93,1,0,1,21,73,94,FUENCARRAL-EL PARDO / TODOS,01-01-2015,2015
Total,48521,56182,104703,4789,6788,11577,53310,62970,116280,MONCLOA-ARAVACA / TODOS,01-01-2015,2015
0 - 4,2291,2260,4551,221,206,427,2512,2466,4978,MONCLOA-ARAVACA / TODOS,01-01-2015,2015
5 - 9,2665,2462,5127,189,155,344,2854,2617,5471,MONCLOA-ARAVACA / TODOS,01-01-2015,2015
10 - 14,2797,2667,5464,178,134,312,2975,2801,5776,MONCLOA-ARAVACA / TODOS,01-01-2015,2015
15 - 19,2414,2480,4894,197,241,438,2611,2721,5332,MONCLOA-ARAVACA / TODOS,01-01-2015,2015
20 - 24,2419,2386,4805,485,832,1317,2904,3218,6122,MONCLOA-ARAVACA / TODOS,01-01-2015,2015
25 - 29,2609,2626,5235,604,1013,1617,3213,3639,6852,MONCLOA-ARAVACA / TODOS,01-01-2015,2015
30 - 34,3067,3003,6070,683,1027,1710,3750,4030,7780,MONCLOA-ARAVACA / TODOS,01-01-2015,2015
35 - 39,3338,3579,6917,637,795,1432,3975,4374,8349,MONCLOA-ARAVACA / TODOS,01-01-2015,2015
40 - 44,3610,3857,7467,488,692,1180,4098,4549,8647,MONCLOA-ARAVACA / TODOS,01-01-2015,2015
45 - 49,3815,4278,8093,388,551,939,4203,4829,9032,MONCLOA-ARAVACA / TODOS,01-01-2015,2015
50 - 54,3820,4193,8013,257,417,674,4077,4610,8687,MONCLOA-ARAVACA / TODOS,01-01-2015,2015
55 - 59,3366,3919,7285,198,296,494,3564,4215,7779,MONCLOA-ARAVACA / TODOS,01-01-2015,2015
60 - 64,2844,3566,6410,109,165,274,2953,3731,6684,MONCLOA-ARAVACA / TODOS,01-01-2015,2015
65 - 69,2753,3545,6298,54,118,172,2807,3663,6470,MONCLOA-ARAVACA / TODOS,01-01-2015,2015
70 - 74,2218,3000,5218,42,55,97,2260,3055,5315,MONCLOA-ARAVACA / TODOS,01-01-2015,2015
75 - 79,1637,2590,4227,30,40,70,1667,2630,4297,MONCLOA-ARAVACA / TODOS,01-01-2015,2015
80 - 84,1557,2578,4135,14,27,41,1571,2605,4176,MONCLOA-ARAVACA / TODOS,01-01-2015,2015
85 - 89,869,1852,2721,11,14,25,880,1866,2746,MONCLOA-ARAVACA / TODOS,01-01-2015,2015
90 - 94,343,990,1333,3,7,10,346,997,1343,MONCLOA-ARAVACA / TODOS,01-01-2015,2015
95 - 99,78,299,377,1,2,3,79,301,380,MONCLOA-ARAVACA / TODOS,01-01-2015,2015
100 o más,11,52,63,0,1,1,11,53,64,MONCLOA-ARAVACA / TODOS,01-01-2015,2015
Total,94688,108724,203412,14787,16640,31427,109475,125364,234839,LATINA / TODOS,01-01-2015,2015
0 - 4,3630,3580,7210,890,851,1741,4520,4431,8951,LATINA / TODOS,01-01-2015,2015
5 - 9,4382,4129,8511,537,518,1055,4919,4647,9566,LATINA / TODOS,01-01-2015,2015
10 - 14,4121,3946,8067,558,507,1065,4679,4453,9132,LATINA / TODOS,01-01-2015,2015
15 - 19,3924,3690,7614,778,784,1562,4702,4474,9176,LATINA / TODOS,01-01-2015,2015
20 - 24,4163,4137,8300,1110,1498,2608,5273,5635,10908,LATINA / TODOS,01-01-2015,2015
25 - 29,4886,4676,9562,1617,2237,3854,6503,6913,13416,LATINA / TODOS,01-01-2015,2015
30 - 34,5699,5611,11310,2241,2512,4753,7940,8123,16063,LATINA / TODOS,01-01-2015,2015
35 - 39,7050,7102,14152,2159,2148,4307,9209,9250,18459,LATINA / TODOS,01-01-2015,2015
40 - 44,7571,7889,15460,1724,1661,3385,9295,9550,18845,LATINA / TODOS,01-01-2015,2015
45 - 49,7693,8084,15777,1272,1317,2589,8965,9401,18366,LATINA / TODOS,01-01-2015,2015
50 - 54,6893,7812,14705,842,1030,1872,7735,8842,16577,LATINA / TODOS,01-01-2015,2015
55 - 59,5995,6910,12905,531,730,1261,6526,7640,14166,LATINA / TODOS,01-01-2015,2015
60 - 64,4879,6002,10881,271,388,659,5150,6390,11540,LATINA / TODOS,01-01-2015,2015
65 - 69,5202,7798,13000,133,193,326,5335,7991,13326,LATINA / TODOS,01-01-2015,2015
70 - 74,6271,8663,14934,58,124,182,6329,8787,15116,LATINA / TODOS,01-01-2015,2015
75 - 79,5264,6768,12032,37,80,117,5301,6848,12149,LATINA / TODOS,01-01-2015,2015
80 - 84,4123,6049,10172,17,42,59,4140,6091,10231,LATINA / TODOS,01-01-2015,2015
85 - 89,2099,3756,5855,10,13,23,2109,3769,5878,LATINA / TODOS,01-01-2015,2015
90 - 94,694,1642,2336,2,4,6,696,1646,2342,LATINA / TODOS,01-01-2015,2015
95 - 99,118,413,531,0,2,2,118,415,533,LATINA / TODOS,01-01-2015,2015
100 o más,31,67,98,0,1,1,31,68,99,LATINA / TODOS,01-01-2015,2015
Total,93821,108922,202743,18255,19855,38110,112076,128777,240853,CARABANCHEL / TODOS,01-01-2015,2015
0 - 4,4802,4501,9303,1094,1108,2202,5896,5609,11505,CARABANCHEL / TODOS,01-01-2015,2015
5 - 9,5530,5374,10904,681,679,1360,6211,6053,12264,CARABANCHEL / TODOS,01-01-2015,2015
10 - 14,4598,4378,8976,767,701,1468,5365,5079,10444,CARABANCHEL / TODOS,01-01-2015,2015
15 - 19,4105,4055,8160,957,961,1918,5062,5016,10078,CARABANCHEL / TODOS,01-01-2015,2015
20 - 24,4473,4344,8817,1299,1541,2840,5772,5885,11657,CARABANCHEL / TODOS,01-01-2015,2015
25 - 29,4604,4596,9200,1956,2525,4481,6560,7121,13681,CARABANCHEL / TODOS,01-01-2015,2015
30 - 34,5394,5886,11280,2689,3057,5746,8083,8943,17026,CARABANCHEL / TODOS,01-01-2015,2015
35 - 39,7568,8368,15936,2816,2748,5564,10384,11116,21500,CARABANCHEL / TODOS,01-01-2015,2015
40 - 44,8723,9137,17860,2168,2040,4208,10891,11177,22068,CARABANCHEL / TODOS,01-01-2015,2015
45 - 49,7968,8569,16537,1601,1684,3285,9569,10253,19822,CARABANCHEL / TODOS,01-01-2015,2015
50 - 54,7030,7902,14932,989,1141,2130,8019,9043,17062,CARABANCHEL / TODOS,01-01-2015,2015
55 - 59,5719,6619,12338,656,777,1433,6375,7396,13771,CARABANCHEL / TODOS,01-01-2015,2015
60 - 64,4476,5717,10193,337,436,773,4813,6153,10966,CARABANCHEL / TODOS,01-01-2015,2015
65 - 69,4667,6131,10798,121,216,337,4788,6347,11135,CARABANCHEL / TODOS,01-01-2015,2015
70 - 74,4271,6111,10382,60,95,155,4331,6206,10537,CARABANCHEL / TODOS,01-01-2015,2015
75 - 79,3746,5702,9448,30,74,104,3776,5776,9552,CARABANCHEL / TODOS,01-01-2015,2015
80 - 84,3489,5697,9186,15,43,58,3504,5740,9244,CARABANCHEL / TODOS,01-01-2015,2015
85 - 89,1877,3738,5615,12,20,32,1889,3758,5647,CARABANCHEL / TODOS,01-01-2015,2015
90 - 94,671,1676,2347,5,8,13,676,1684,2360,CARABANCHEL / TODOS,01-01-2015,2015
95 - 99,95,350,445,2,1,3,97,351,448,CARABANCHEL / TODOS,01-01-2015,2015
100 o más,15,71,86,0,0,0,15,71,86,CARABANCHEL / TODOS,01-01-2015,2015
Total,50921,58296,109217,11683,12135,23818,62604,70431,133035,USERA / TODOS,01-01-2015,2015
0 - 4,2505,2432,4937,813,750,1563,3318,3182,6500,USERA / TODOS,01-01-2015,2015
5 - 9,3278,3166,6444,458,417,875,3736,3583,7319,USERA / TODOS,01-01-2015,2015
10 - 14,2923,2677,5600,485,432,917,3408,3109,6517,USERA / TODOS,01-01-2015,2015
15 - 19,2513,2447,4960,689,605,1294,3202,3052,6254,USERA / TODOS,01-01-2015,2015
20 - 24,2521,2519,5040,832,929,1761,3353,3448,6801,USERA / TODOS,01-01-2015,2015
25 - 29,2540,2505,5045,1156,1499,2655,3696,4004,7700,USERA / TODOS,01-01-2015,2015
30 - 34,2836,3023,5859,1631,1867,3498,4467,4890,9357,USERA / TODOS,01-01-2015,2015
35 - 39,3917,4442,8359,1692,1630,3322,5609,6072,11681,USERA / TODOS,01-01-2015,2015
40 - 44,4663,4850,9513,1468,1399,2867,6131,6249,12380,USERA / TODOS,01-01-2015,2015
45 - 49,4400,4634,9034,1125,1008,2133,5525,5642,11167,USERA / TODOS,01-01-2015,2015
50 - 54,3981,4384,8365,650,697,1347,4631,5081,9712,USERA / TODOS,01-01-2015,2015
55 - 59,3200,3598,6798,360,402,762,3560,4000,7560,USERA / TODOS,01-01-2015,2015
60 - 64,2425,2829,5254,161,209,370,2586,3038,5624,USERA / TODOS,01-01-2015,2015
65 - 69,2218,2831,5049,73,133,206,2291,2964,5255,USERA / TODOS,01-01-2015,2015
70 - 74,1879,2734,4613,38,60,98,1917,2794,4711,USERA / TODOS,01-01-2015,2015
75 - 79,1808,2941,4749,34,47,81,1842,2988,4830,USERA / TODOS,01-01-2015,2015
80 - 84,1923,3238,5161,11,32,43,1934,3270,5204,USERA / TODOS,01-01-2015,2015
85 - 89,1018,1970,2988,7,13,20,1025,1983,3008,USERA / TODOS,01-01-2015,2015
90 - 94,317,869,1186,0,5,5,317,874,1191,USERA / TODOS,01-01-2015,2015
95 - 99,51,179,230,0,1,1,51,180,231,USERA / TODOS,01-01-2015,2015
100 o más,5,28,33,0,0,0,5,28,33,USERA / TODOS,01-01-2015,2015
Total,91665,102527,194192,15990,16562,32552,107655,119089,226744,PUENTE DE VALLECAS / TODOS,01-01-2015,2015
0 - 4,3928,3670,7598,1142,1040,2182,5070,4710,9780,PUENTE DE VALLECAS / TODOS,01-01-2015,2015
5 - 9,4763,4449,9212,636,614,1250,5399,5063,10462,PUENTE DE VALLECAS / TODOS,01-01-2015,2015
10 - 14,4696,4418,9114,654,658,1312,5350,5076,10426,PUENTE DE VALLECAS / TODOS,01-01-2015,2015
15 - 19,4759,4496,9255,862,822,1684,5621,5318,10939,PUENTE DE VALLECAS / TODOS,01-01-2015,2015
20 - 24,5267,5025,10292,1148,1285,2433,6415,6310,12725,PUENTE DE VALLECAS / TODOS,01-01-2015,2015
25 - 29,5374,5037,10411,1704,2090,3794,7078,7127,14205,PUENTE DE VALLECAS / TODOS,01-01-2015,2015
30 - 34,5707,5675,11382,2386,2512,4898,8093,8187,16280,PUENTE DE VALLECAS / TODOS,01-01-2015,2015
35 - 39,6567,6785,13352,2357,2249,4606,8924,9034,17958,PUENTE DE VALLECAS / TODOS,01-01-2015,2015
40 - 44,6989,7331,14320,1954,1766,3720,8943,9097,18040,PUENTE DE VALLECAS / TODOS,01-01-2015,2015
45 - 49,7881,8595,16476,1363,1297,2660,9244,9892,19136,PUENTE DE VALLECAS / TODOS,01-01-2015,2015
50 - 54,7932,8841,16773,822,896,1718,8754,9737,18491,PUENTE DE VALLECAS / TODOS,01-01-2015,2015
55 - 59,6649,7262,13911,518,611,1129,7167,7873,15040,PUENTE DE VALLECAS / TODOS,01-01-2015,2015
60 - 64,4641,5187,9828,226,338,564,4867,5525,10392,PUENTE DE VALLECAS / TODOS,01-01-2015,2015
65 - 69,4041,5099,9140,104,175,279,4145,5274,9419,PUENTE DE VALLECAS / TODOS,01-01-2015,2015
70 - 74,3516,4826,8342,60,96,156,3576,4922,8498,PUENTE DE VALLECAS / TODOS,01-01-2015,2015
75 - 79,3295,5227,8522,30,58,88,3325,5285,8610,PUENTE DE VALLECAS / TODOS,01-01-2015,2015
80 - 84,3260,5430,8690,17,37,54,3277,5467,8744,PUENTE DE VALLECAS / TODOS,01-01-2015,2015
85 - 89,1754,3462,5216,5,14,19,1759,3476,5235,PUENTE DE VALLECAS / TODOS,01-01-2015,2015
90 - 94,559,1384,1943,2,1,3,561,1385,1946,PUENTE DE VALLECAS / TODOS,01-01-2015,2015
95 - 99,78,281,359,0,2,2,78,283,361,PUENTE DE VALLECAS / TODOS,01-01-2015,2015
100 o más,9,47,56,0,1,1,9,48,57,PUENTE DE VALLECAS / TODOS,01-01-2015,2015
Total,40420,47314,87734,3294,4003,7297,43714,51317,95031,MORATALAZ / TODOS,01-01-2015,2015
0 - 4,1436,1421,2857,179,189,368,1615,1610,3225,MORATALAZ / TODOS,01-01-2015,2015
5 - 9,1822,1706,3528,133,123,256,1955,1829,3784,MORATALAZ / TODOS,01-01-2015,2015
10 - 14,1957,1944,3901,137,131,268,2094,2075,4169,MORATALAZ / TODOS,01-01-2015,2015
15 - 19,2110,1999,4109,174,203,377,2284,2202,4486,MORATALAZ / TODOS,01-01-2015,2015
20 - 24,2200,2088,4288,270,295,565,2470,2383,4853,MORATALAZ / TODOS,01-01-2015,2015
25 - 29,2073,1975,4048,368,488,856,2441,2463,4904,MORATALAZ / TODOS,01-01-2015,2015
30 - 34,2214,2214,4428,480,614,1094,2694,2828,5522,MORATALAZ / TODOS,01-01-2015,2015
35 - 39,2425,2548,4973,471,531,1002,2896,3079,5975,MORATALAZ / TODOS,01-01-2015,2015
40 - 44,2944,3209,6153,381,405,786,3325,3614,6939,MORATALAZ / TODOS,01-01-2015,2015
45 - 49,3410,3853,7263,261,315,576,3671,4168,7839,MORATALAZ / TODOS,01-01-2015,2015
50 - 54,3406,3872,7278,165,257,422,3571,4129,7700,MORATALAZ / TODOS,01-01-2015,2015
55 - 59,2731,3175,5906,116,203,319,2847,3378,6225,MORATALAZ / TODOS,01-01-2015,2015
60 - 64,2131,2677,4808,66,106,172,2197,2783,4980,MORATALAZ / TODOS,01-01-2015,2015
65 - 69,2093,2963,5056,34,50,84,2127,3013,5140,MORATALAZ / TODOS,01-01-2015,2015
70 - 74,2271,3310,5581,30,41,71,2301,3351,5652,MORATALAZ / TODOS,01-01-2015,2015
75 - 79,2092,3229,5321,12,25,37,2104,3254,5358,MORATALAZ / TODOS,01-01-2015,2015
80 - 84,1973,2778,4751,7,18,25,1980,2796,4776,MORATALAZ / TODOS,01-01-2015,2015
85 - 89,857,1585,2442,8,6,14,865,1591,2456,MORATALAZ / TODOS,01-01-2015,2015
90 - 94,232,590,822,2,3,5,234,593,827,MORATALAZ / TODOS,01-01-2015,2015
95 - 99,41,144,185,0,0,0,41,144,185,MORATALAZ / TODOS,01-01-2015,2015
100 o más,2,34,36,0,0,0,2,34,36,MORATALAZ / TODOS,01-01-2015,2015
Total,84888,101675,186563,11700,14001,25701,96588,115676,212264,CIUDAD LINEAL / TODOS,01-01-2015,2015
0 - 4,3567,3369,6936,707,626,1333,4274,3995,8269,CIUDAD LINEAL / TODOS,01-01-2015,2015
5 - 9,4106,3934,8040,382,404,786,4488,4338,8826,CIUDAD LINEAL / TODOS,01-01-2015,2015
10 - 14,4175,3947,8122,457,423,880,4632,4370,9002,CIUDAD LINEAL / TODOS,01-01-2015,2015
15 - 19,3965,3734,7699,636,596,1232,4601,4330,8931,CIUDAD LINEAL / TODOS,01-01-2015,2015
20 - 24,4276,4170,8446,782,1014,1796,5058,5184,10242,CIUDAD LINEAL / TODOS,01-01-2015,2015
25 - 29,4522,4500,9022,1198,1893,3091,5720,6393,12113,CIUDAD LINEAL / TODOS,01-01-2015,2015
30 - 34,5209,5361,10570,1787,2241,4028,6996,7602,14598,CIUDAD LINEAL / TODOS,01-01-2015,2015
35 - 39,6249,6347,12596,1809,1979,3788,8058,8326,16384,CIUDAD LINEAL / TODOS,01-01-2015,2015
40 - 44,6353,7099,13452,1338,1451,2789,7691,8550,16241,CIUDAD LINEAL / TODOS,01-01-2015,2015
45 - 49,6698,7889,14587,1025,1135,2160,7723,9024,16747,CIUDAD LINEAL / TODOS,01-01-2015,2015
50 - 54,6616,8117,14733,652,878,1530,7268,8995,16263,CIUDAD LINEAL / TODOS,01-01-2015,2015
55 - 59,5757,7238,12995,405,578,983,6162,7816,13978,CIUDAD LINEAL / TODOS,01-01-2015,2015
60 - 64,4617,5995,10612,231,332,563,4848,6327,11175,CIUDAD LINEAL / TODOS,01-01-2015,2015
65 - 69,4610,6276,10886,125,195,320,4735,6471,11206,CIUDAD LINEAL / TODOS,01-01-2015,2015
70 - 74,4151,6123,10274,74,122,196,4225,6245,10470,CIUDAD LINEAL / TODOS,01-01-2015,2015
75 - 79,3572,5760,9332,46,57,103,3618,5817,9435,CIUDAD LINEAL / TODOS,01-01-2015,2015
80 - 84,3654,5986,9640,24,39,63,3678,6025,9703,CIUDAD LINEAL / TODOS,01-01-2015,2015
85 - 89,2001,3750,5751,16,23,39,2017,3773,5790,CIUDAD LINEAL / TODOS,01-01-2015,2015
90 - 94,672,1623,2295,5,11,16,677,1634,2311,CIUDAD LINEAL / TODOS,01-01-2015,2015
95 - 99,100,377,477,1,2,3,101,379,480,CIUDAD LINEAL / TODOS,01-01-2015,2015
100 o más,18,80,98,0,2,2,18,82,100,CIUDAD LINEAL / TODOS,01-01-2015,2015
Total,76149,83340,159489,6739,8412,15151,82888,91752,174640,HORTALEZA / TODOS,01-01-2015,2015
0 - 4,4567,4316,8883,447,426,873,5014,4742,9756,HORTALEZA / TODOS,01-01-2015,2015
5 - 9,4677,4467,9144,383,369,752,5060,4836,9896,HORTALEZA / TODOS,01-01-2015,2015
10 - 14,4219,4015,8234,376,379,755,4595,4394,8989,HORTALEZA / TODOS,01-01-2015,2015
15 - 19,3755,3523,7278,364,344,708,4119,3867,7986,HORTALEZA / TODOS,01-01-2015,2015
20 - 24,3696,3501,7197,375,418,793,4071,3919,7990,HORTALEZA / TODOS,01-01-2015,2015
25 - 29,3809,3707,7516,574,903,1477,4383,4610,8993,HORTALEZA / TODOS,01-01-2015,2015
30 - 34,4799,4861,9660,857,1208,2065,5656,6069,11725,HORTALEZA / TODOS,01-01-2015,2015
35 - 39,6376,6661,13037,918,1232,2150,7294,7893,15187,HORTALEZA / TODOS,01-01-2015,2015
40 - 44,6596,7066,13662,836,930,1766,7432,7996,15428,HORTALEZA / TODOS,01-01-2015,2015
45 - 49,5982,6540,12522,617,766,1383,6599,7306,13905,HORTALEZA / TODOS,01-01-2015,2015
50 - 54,5798,6352,12150,374,486,860,6172,6838,13010,HORTALEZA / TODOS,01-01-2015,2015
55 - 59,4807,5182,9989,247,336,583,5054,5518,10572,HORTALEZA / TODOS,01-01-2015,2015
60 - 64,3692,4609,8301,141,224,365,3833,4833,8666,HORTALEZA / TODOS,01-01-2015,2015
65 - 69,3850,5035,8885,83,146,229,3933,5181,9114,HORTALEZA / TODOS,01-01-2015,2015
70 - 74,3703,4320,8023,66,109,175,3769,4429,8198,HORTALEZA / TODOS,01-01-2015,2015
75 - 79,2453,3307,5760,39,60,99,2492,3367,5859,HORTALEZA / TODOS,01-01-2015,2015
80 - 84,1997,2957,4954,19,44,63,2016,3001,5017,HORTALEZA / TODOS,01-01-2015,2015
85 - 89,960,1817,2777,18,21,39,978,1838,2816,HORTALEZA / TODOS,01-01-2015,2015
90 - 94,341,828,1169,3,10,13,344,838,1182,HORTALEZA / TODOS,01-01-2015,2015
95 - 99,61,224,285,1,1,2,62,225,287,HORTALEZA / TODOS,01-01-2015,2015
100 o más,11,52,63,1,0,1,12,52,64,HORTALEZA / TODOS,01-01-2015,2015
Total,56251,61795,118046,11492,11436,22928,67743,73231,140974,VILLAVERDE / TODOS,01-01-2015,2015
0 - 4,2902,2693,5595,859,792,1651,3761,3485,7246,VILLAVERDE / TODOS,01-01-2015,2015
5 - 9,3766,3468,7234,477,472,949,4243,3940,8183,VILLAVERDE / TODOS,01-01-2015,2015
10 - 14,3137,3034,6171,422,446,868,3559,3480,7039,VILLAVERDE / TODOS,01-01-2015,2015
15 - 19,2723,2683,5406,564,545,1109,3287,3228,6515,VILLAVERDE / TODOS,01-01-2015,2015
20 - 24,2882,2843,5725,787,884,1671,3669,3727,7396,VILLAVERDE / TODOS,01-01-2015,2015
25 - 29,2783,2831,5614,1177,1418,2595,3960,4249,8209,VILLAVERDE / TODOS,01-01-2015,2015
30 - 34,3078,3181,6259,1584,1653,3237,4662,4834,9496,VILLAVERDE / TODOS,01-01-2015,2015
35 - 39,4211,4499,8710,1789,1486,3275,6000,5985,11985,VILLAVERDE / TODOS,01-01-2015,2015
40 - 44,4997,5248,10245,1410,1196,2606,6407,6444,12851,VILLAVERDE / TODOS,01-01-2015,2015
45 - 49,4980,5278,10258,1023,885,1908,6003,6163,12166,VILLAVERDE / TODOS,01-01-2015,2015
50 - 54,4597,4710,9307,690,639,1329,5287,5349,10636,VILLAVERDE / TODOS,01-01-2015,2015
55 - 59,3351,3489,6840,388,448,836,3739,3937,7676,VILLAVERDE / TODOS,01-01-2015,2015
60 - 64,2405,2775,5180,166,255,421,2571,3030,5601,VILLAVERDE / TODOS,01-01-2015,2015
65 - 69,2403,3113,5516,74,153,227,2477,3266,5743,VILLAVERDE / TODOS,01-01-2015,2015
70 - 74,2440,3285,5725,32,72,104,2472,3357,5829,VILLAVERDE / TODOS,01-01-2015,2015
75 - 79,2305,3228,5533,24,46,70,2329,3274,5603,VILLAVERDE / TODOS,01-01-2015,2015
80 - 84,2088,3055,5143,16,25,41,2104,3080,5184,VILLAVERDE / TODOS,01-01-2015,2015
85 - 89,911,1645,2556,8,15,23,919,1660,2579,VILLAVERDE / TODOS,01-01-2015,2015
90 - 94,250,596,846,2,4,6,252,600,852,VILLAVERDE / TODOS,01-01-2015,2015
95 - 99,40,124,164,0,2,2,40,126,166,VILLAVERDE / TODOS,01-01-2015,2015
100 o más,2,17,19,0,0,0,2,17,19,VILLAVERDE / TODOS,01-01-2015,2015
Total,43233,45572,88805,5255,5642,10897,48488,51214,99702,VILLA DE VALLECAS / TODOS,01-01-2015,2015
0 - 4,3347,3173,6520,368,399,767,3715,3572,7287,VILLA DE VALLECAS / TODOS,01-01-2015,2015
5 - 9,2803,2520,5323,302,286,588,3105,2806,5911,VILLA DE VALLECAS / TODOS,01-01-2015,2015
10 - 14,2191,2032,4223,233,246,479,2424,2278,4702,VILLA DE VALLECAS / TODOS,01-01-2015,2015
15 - 19,1958,1782,3740,266,243,509,2224,2025,4249,VILLA DE VALLECAS / TODOS,01-01-2015,2015
20 - 24,2083,1967,4050,317,363,680,2400,2330,4730,VILLA DE VALLECAS / TODOS,01-01-2015,2015
25 - 29,2456,2571,5027,561,736,1297,3017,3307,6324,VILLA DE VALLECAS / TODOS,01-01-2015,2015
30 - 34,3721,4248,7969,783,841,1624,4504,5089,9593,VILLA DE VALLECAS / TODOS,01-01-2015,2015
35 - 39,5463,5433,10896,820,741,1561,6283,6174,12457,VILLA DE VALLECAS / TODOS,01-01-2015,2015
40 - 44,4269,4071,8340,611,545,1156,4880,4616,9496,VILLA DE VALLECAS / TODOS,01-01-2015,2015
45 - 49,3131,3230,6361,393,454,847,3524,3684,7208,VILLA DE VALLECAS / TODOS,01-01-2015,2015
50 - 54,2813,3202,6015,250,301,551,3063,3503,6566,VILLA DE VALLECAS / TODOS,01-01-2015,2015
55 - 59,2321,2491,4812,168,215,383,2489,2706,5195,VILLA DE VALLECAS / TODOS,01-01-2015,2015
60 - 64,1773,2033,3806,97,123,220,1870,2156,4026,VILLA DE VALLECAS / TODOS,01-01-2015,2015
65 - 69,1683,1847,3530,40,58,98,1723,1905,3628,VILLA DE VALLECAS / TODOS,01-01-2015,2015
70 - 74,1142,1421,2563,21,44,65,1163,1465,2628,VILLA DE VALLECAS / TODOS,01-01-2015,2015
75 - 79,896,1276,2172,12,21,33,908,1297,2205,VILLA DE VALLECAS / TODOS,01-01-2015,2015
80 - 84,715,1172,1887,8,11,19,723,1183,1906,VILLA DE VALLECAS / TODOS,01-01-2015,2015
85 - 89,323,702,1025,5,12,17,328,714,1042,VILLA DE VALLECAS / TODOS,01-01-2015,2015
90 - 94,128,321,449,0,2,2,128,323,451,VILLA DE VALLECAS / TODOS,01-01-2015,2015
95 - 99,16,68,84,0,1,1,16,69,85,VILLA DE VALLECAS / TODOS,01-01-2015,2015
100 o más,1,12,13,0,0,0,1,12,13,VILLA DE VALLECAS / TODOS,01-01-2015,2015
Total,29968,31697,61665,3819,3976,7795,33787,35673,69460,VICALVARO / TODOS,01-01-2015,2015
0 - 4,1779,1714,3493,269,260,529,2048,1974,4022,VICALVARO / TODOS,01-01-2015,2015
5 - 9,2437,2281,4718,170,193,363,2607,2474,5081,VICALVARO / TODOS,01-01-2015,2015
10 - 14,1925,1932,3857,179,142,321,2104,2074,4178,VICALVARO / TODOS,01-01-2015,2015
15 - 19,1620,1517,3137,195,182,377,1815,1699,3514,VICALVARO / TODOS,01-01-2015,2015
20 - 24,1398,1314,2712,311,341,652,1709,1655,3364,VICALVARO / TODOS,01-01-2015,2015
25 - 29,1186,1168,2354,380,493,873,1566,1661,3227,VICALVARO / TODOS,01-01-2015,2015
30 - 34,1406,1501,2907,526,615,1141,1932,2116,4048,VICALVARO / TODOS,01-01-2015,2015
35 - 39,2440,2685,5125,555,496,1051,2995,3181,6176,VICALVARO / TODOS,01-01-2015,2015
40 - 44,3447,3538,6985,441,371,812,3888,3909,7797,VICALVARO / TODOS,01-01-2015,2015
45 - 49,3006,3155,6161,315,316,631,3321,3471,6792,VICALVARO / TODOS,01-01-2015,2015
50 - 54,2540,2468,5008,207,236,443,2747,2704,5451,VICALVARO / TODOS,01-01-2015,2015
55 - 59,1548,1634,3182,138,150,288,1686,1784,3470,VICALVARO / TODOS,01-01-2015,2015
60 - 64,1029,1145,2174,72,87,159,1101,1232,2333,VICALVARO / TODOS,01-01-2015,2015
65 - 69,967,1334,2301,32,30,62,999,1364,2363,VICALVARO / TODOS,01-01-2015,2015
70 - 74,1129,1463,2592,7,33,40,1136,1496,2632,VICALVARO / TODOS,01-01-2015,2015
75 - 79,971,1184,2155,15,13,28,986,1197,2183,VICALVARO / TODOS,01-01-2015,2015
80 - 84,726,908,1634,6,10,16,732,918,1650,VICALVARO / TODOS,01-01-2015,2015
85 - 89,312,504,816,1,5,6,313,509,822,VICALVARO / TODOS,01-01-2015,2015
90 - 94,86,198,284,0,2,2,86,200,286,VICALVARO / TODOS,01-01-2015,2015
95 - 99,15,44,59,0,1,1,15,45,60,VICALVARO / TODOS,01-01-2015,2015
100 o más,1,10,11,0,0,0,1,10,11,VICALVARO / TODOS,01-01-2015,2015
Total,65265,72432,137697,7121,7962,15083,72386,80394,152780,SAN BLAS-CANILLEJAS / TODOS,01-01-2015,2015
0 - 4,3073,2934,6007,434,401,835,3507,3335,6842,SAN BLAS-CANILLEJAS / TODOS,01-01-2015,2015
5 - 9,3988,3890,7878,269,341,610,4257,4231,8488,SAN BLAS-CANILLEJAS / TODOS,01-01-2015,2015
10 - 14,4188,3915,8103,257,302,559,4445,4217,8662,SAN BLAS-CANILLEJAS / TODOS,01-01-2015,2015
15 - 19,3256,3162,6418,345,366,711,3601,3528,7129,SAN BLAS-CANILLEJAS / TODOS,01-01-2015,2015
20 - 24,3228,3027,6255,436,567,1003,3664,3594,7258,SAN BLAS-CANILLEJAS / TODOS,01-01-2015,2015
25 - 29,3206,3158,6364,772,1036,1808,3978,4194,8172,SAN BLAS-CANILLEJAS / TODOS,01-01-2015,2015
30 - 34,3592,3569,7161,1076,1251,2327,4668,4820,9488,SAN BLAS-CANILLEJAS / TODOS,01-01-2015,2015
35 - 39,4547,4934,9481,1111,1096,2207,5658,6030,11688,SAN BLAS-CANILLEJAS / TODOS,01-01-2015,2015
40 - 44,5755,6387,12142,837,811,1648,6592,7198,13790,SAN BLAS-CANILLEJAS / TODOS,01-01-2015,2015
45 - 49,6542,6839,13381,641,609,1250,7183,7448,14631,SAN BLAS-CANILLEJAS / TODOS,01-01-2015,2015
50 - 54,5891,6060,11951,415,453,868,6306,6513,12819,SAN BLAS-CANILLEJAS / TODOS,01-01-2015,2015
55 - 59,4417,4698,9115,241,293,534,4658,4991,9649,SAN BLAS-CANILLEJAS / TODOS,01-01-2015,2015
60 - 64,3017,3442,6459,151,206,357,3168,3648,6816,SAN BLAS-CANILLEJAS / TODOS,01-01-2015,2015
65 - 69,2641,3138,5779,71,114,185,2712,3252,5964,SAN BLAS-CANILLEJAS / TODOS,01-01-2015,2015
70 - 74,2168,2944,5112,30,54,84,2198,2998,5196,SAN BLAS-CANILLEJAS / TODOS,01-01-2015,2015
75 - 79,2077,3319,5396,19,35,54,2096,3354,5450,SAN BLAS-CANILLEJAS / TODOS,01-01-2015,2015
80 - 84,2202,3596,5798,13,19,32,2215,3615,5830,SAN BLAS-CANILLEJAS / TODOS,01-01-2015,2015
85 - 89,1100,2330,3430,3,6,9,1103,2336,3439,SAN BLAS-CANILLEJAS / TODOS,01-01-2015,2015
90 - 94,337,906,1243,0,2,2,337,908,1245,SAN BLAS-CANILLEJAS / TODOS,01-01-2015,2015
95 - 99,34,147,181,0,0,0,34,147,181,SAN BLAS-CANILLEJAS / TODOS,01-01-2015,2015
100 o más,6,37,43,0,0,0,6,37,43,SAN BLAS-CANILLEJAS / TODOS,01-01-2015,2015
Total,20462,21306,41768,1788,2256,4044,22250,23562,45812,BARAJAS / TODOS,01-01-2015,2015
0 - 4,1254,1109,2363,101,112,213,1355,1221,2576,BARAJAS / TODOS,01-01-2015,2015
5 - 9,1392,1257,2649,96,79,175,1488,1336,2824,BARAJAS / TODOS,01-01-2015,2015
10 - 14,1265,1099,2364,93,74,167,1358,1173,2531,BARAJAS / TODOS,01-01-2015,2015
15 - 19,938,885,1823,96,78,174,1034,963,1997,BARAJAS / TODOS,01-01-2015,2015
20 - 24,857,801,1658,96,121,217,953,922,1875,BARAJAS / TODOS,01-01-2015,2015
25 - 29,957,958,1915,153,245,398,1110,1203,2313,BARAJAS / TODOS,01-01-2015,2015
30 - 34,1447,1342,2789,201,368,569,1648,1710,3358,BARAJAS / TODOS,01-01-2015,2015
35 - 39,1784,1819,3603,278,347,625,2062,2166,4228,BARAJAS / TODOS,01-01-2015,2015
40 - 44,1954,2056,4010,220,253,473,2174,2309,4483,BARAJAS / TODOS,01-01-2015,2015
45 - 49,1700,1787,3487,182,180,362,1882,1967,3849,BARAJAS / TODOS,01-01-2015,2015
50 - 54,1454,1554,3008,108,128,236,1562,1682,3244,BARAJAS / TODOS,01-01-2015,2015
55 - 59,1149,1199,2348,63,95,158,1212,1294,2506,BARAJAS / TODOS,01-01-2015,2015
60 - 64,988,1283,2271,33,59,92,1021,1342,2363,BARAJAS / TODOS,01-01-2015,2015
65 - 69,1135,1391,2526,34,55,89,1169,1446,2615,BARAJAS / TODOS,01-01-2015,2015
70 - 74,928,1039,1967,10,28,38,938,1067,2005,BARAJAS / TODOS,01-01-2015,2015
75 - 79,593,619,1212,12,15,27,605,634,1239,BARAJAS / TODOS,01-01-2015,2015
80 - 84,384,529,913,9,9,18,393,538,931,BARAJAS / TODOS,01-01-2015,2015
85 - 89,182,334,516,2,7,9,184,341,525,BARAJAS / TODOS,01-01-2015,2015
90 - 94,91,187,278,0,1,1,91,188,279,BARAJAS / TODOS,01-01-2015,2015
95 - 99,9,47,56,1,1,2,10,48,58,BARAJAS / TODOS,01-01-2015,2015
100 o más,1,11,12,0,1,1,1,12,13,BARAJAS / TODOS,01-01-2015,2015
Total,50790,54126,104916,15147,13070,28217,65937,67196,133133,CENTRO / TODOS,01-01-2016,2016
0 - 4,1626,1574,3200,487,467,954,2113,2041,4154,CENTRO / TODOS,01-01-2016,2016
5 - 9,1568,1549,3117,299,305,604,1867,1854,3721,CENTRO / TODOS,01-01-2016,2016
10 - 14,1429,1372,2801,222,214,436,1651,1586,3237,CENTRO / TODOS,01-01-2016,2016
15 - 19,1313,1271,2584,363,282,645,1676,1553,3229,CENTRO / TODOS,01-01-2016,2016
20 - 24,1733,1657,3390,1161,1431,2592,2894,3088,5982,CENTRO / TODOS,01-01-2016,2016
25 - 29,3248,3414,6662,2260,2434,4694,5508,5848,11356,CENTRO / TODOS,01-01-2016,2016
30 - 34,5006,4886,9892,2767,2333,5100,7773,7219,14992,CENTRO / TODOS,01-01-2016,2016
35 - 39,5875,5176,11051,2512,1734,4246,8387,6910,15297,CENTRO / TODOS,01-01-2016,2016
40 - 44,5472,4650,10122,1787,1142,2929,7259,5792,13051,CENTRO / TODOS,01-01-2016,2016
45 - 49,4841,4086,8927,1290,844,2134,6131,4930,11061,CENTRO / TODOS,01-01-2016,2016
50 - 54,4298,4116,8414,841,645,1486,5139,4761,9900,CENTRO / TODOS,01-01-2016,2016
55 - 59,3649,3902,7551,516,453,969,4165,4355,8520,CENTRO / TODOS,01-01-2016,2016
60 - 64,2837,3268,6105,296,326,622,3133,3594,6727,CENTRO / TODOS,01-01-2016,2016
65 - 69,2309,2812,5121,160,212,372,2469,3024,5493,CENTRO / TODOS,01-01-2016,2016
70 - 74,1851,2449,4300,93,118,211,1944,2567,4511,CENTRO / TODOS,01-01-2016,2016
75 - 79,1341,2234,3575,50,63,113,1391,2297,3688,CENTRO / TODOS,01-01-2016,2016
80 - 84,1187,2371,3558,28,35,63,1215,2406,3621,CENTRO / TODOS,01-01-2016,2016
85 - 89,833,1948,2781,12,19,31,845,1967,2812,CENTRO / TODOS,01-01-2016,2016
90 - 94,301,1019,1320,2,10,12,303,1029,1332,CENTRO / TODOS,01-01-2016,2016
95 - 99,62,317,379,1,3,4,63,320,383,CENTRO / TODOS,01-01-2016,2016
100 o más,11,55,66,0,0,0,11,55,66,CENTRO / TODOS,01-01-2016,2016
Total,63419,73846,137265,6918,7718,14636,70337,81564,151901,ARGANZUELA / TODOS,01-01-2016,2016
0 - 4,3118,2849,5967,348,313,661,3466,3162,6628,ARGANZUELA / TODOS,01-01-2016,2016
5 - 9,2799,2964,5763,184,198,382,2983,3162,6145,ARGANZUELA / TODOS,01-01-2016,2016
10 - 14,2859,2731,5590,175,170,345,3034,2901,5935,ARGANZUELA / TODOS,01-01-2016,2016
15 - 19,2715,2624,5339,208,248,456,2923,2872,5795,ARGANZUELA / TODOS,01-01-2016,2016
20 - 24,2774,2665,5439,482,638,1120,3256,3303,6559,ARGANZUELA / TODOS,01-01-2016,2016
25 - 29,3438,3627,7065,785,1127,1912,4223,4754,8977,ARGANZUELA / TODOS,01-01-2016,2016
30 - 34,5038,5144,10182,1157,1367,2524,6195,6511,12706,ARGANZUELA / TODOS,01-01-2016,2016
35 - 39,5713,5884,11597,1170,1070,2240,6883,6954,13837,ARGANZUELA / TODOS,01-01-2016,2016
40 - 44,5292,5805,11097,817,753,1570,6109,6558,12667,ARGANZUELA / TODOS,01-01-2016,2016
45 - 49,5354,5732,11086,611,621,1232,5965,6353,12318,ARGANZUELA / TODOS,01-01-2016,2016
50 - 54,5232,6006,11238,413,439,852,5645,6445,12090,ARGANZUELA / TODOS,01-01-2016,2016
55 - 59,4709,5797,10506,257,301,558,4966,6098,11064,ARGANZUELA / TODOS,01-01-2016,2016
60 - 64,3862,4833,8695,151,214,365,4013,5047,9060,ARGANZUELA / TODOS,01-01-2016,2016
65 - 69,3202,4070,7272,72,136,208,3274,4206,7480,ARGANZUELA / TODOS,01-01-2016,2016
70 - 74,2379,3340,5719,42,55,97,2421,3395,5816,ARGANZUELA / TODOS,01-01-2016,2016
75 - 79,1766,2858,4624,21,24,45,1787,2882,4669,ARGANZUELA / TODOS,01-01-2016,2016
80 - 84,1625,2985,4610,12,26,38,1637,3011,4648,ARGANZUELA / TODOS,01-01-2016,2016
85 - 89,1027,2277,3304,7,11,18,1034,2288,3322,ARGANZUELA / TODOS,01-01-2016,2016
90 - 94,429,1245,1674,4,7,11,433,1252,1685,ARGANZUELA / TODOS,01-01-2016,2016
95 - 99,79,357,436,1,0,1,80,357,437,ARGANZUELA / TODOS,01-01-2016,2016
100 o más,9,53,62,1,0,1,10,53,63,ARGANZUELA / TODOS,01-01-2016,2016
Total,50273,60508,110781,3410,4640,8050,53683,65148,118831,RETIRO / TODOS,01-01-2016,2016
0 - 4,2271,2261,4532,147,135,282,2418,2396,4814,RETIRO / TODOS,01-01-2016,2016
5 - 9,2230,2210,4440,110,107,217,2340,2317,4657,RETIRO / TODOS,01-01-2016,2016
10 - 14,2155,2133,4288,87,77,164,2242,2210,4452,RETIRO / TODOS,01-01-2016,2016
15 - 19,2110,2036,4146,93,113,206,2203,2149,4352,RETIRO / TODOS,01-01-2016,2016
20 - 24,2275,2291,4566,262,378,640,2537,2669,5206,RETIRO / TODOS,01-01-2016,2016
25 - 29,2764,2778,5542,460,711,1171,3224,3489,6713,RETIRO / TODOS,01-01-2016,2016
30 - 34,3467,3543,7010,507,739,1246,3974,4282,8256,RETIRO / TODOS,01-01-2016,2016
35 - 39,3813,4005,7818,481,612,1093,4294,4617,8911,RETIRO / TODOS,01-01-2016,2016
40 - 44,3907,4057,7964,359,453,812,4266,4510,8776,RETIRO / TODOS,01-01-2016,2016
45 - 49,3614,3947,7561,304,408,712,3918,4355,8273,RETIRO / TODOS,01-01-2016,2016
50 - 54,3696,4257,7953,191,275,466,3887,4532,8419,RETIRO / TODOS,01-01-2016,2016
55 - 59,3474,4487,7961,141,225,366,3615,4712,8327,RETIRO / TODOS,01-01-2016,2016
60 - 64,3256,4524,7780,75,155,230,3331,4679,8010,RETIRO / TODOS,01-01-2016,2016
65 - 69,3135,4241,7376,58,91,149,3193,4332,7525,RETIRO / TODOS,01-01-2016,2016
70 - 74,2747,3718,6465,60,74,134,2807,3792,6599,RETIRO / TODOS,01-01-2016,2016
75 - 79,2024,3065,5089,41,37,78,2065,3102,5167,RETIRO / TODOS,01-01-2016,2016
80 - 84,1730,2971,4701,21,23,44,1751,2994,4745,RETIRO / TODOS,01-01-2016,2016
85 - 89,1058,2363,3421,8,13,21,1066,2376,3442,RETIRO / TODOS,01-01-2016,2016
90 - 94,441,1224,1665,5,8,13,446,1232,1678,RETIRO / TODOS,01-01-2016,2016
95 - 99,97,326,423,0,5,5,97,331,428,RETIRO / TODOS,01-01-2016,2016
100 o más,9,71,80,0,1,1,9,72,81,RETIRO / TODOS,01-01-2016,2016
Total,56152,70911,127063,6995,9661,16656,63147,80572,143719,SALAMANCA / TODOS,01-01-2016,2016
0 - 4,2473,2519,4992,284,286,570,2757,2805,5562,SALAMANCA / TODOS,01-01-2016,2016
5 - 9,2394,2278,4672,197,171,368,2591,2449,5040,SALAMANCA / TODOS,01-01-2016,2016
10 - 14,2273,2292,4565,162,155,317,2435,2447,4882,SALAMANCA / TODOS,01-01-2016,2016
15 - 19,2327,2251,4578,192,184,376,2519,2435,4954,SALAMANCA / TODOS,01-01-2016,2016
20 - 24,2554,2552,5106,594,822,1416,3148,3374,6522,SALAMANCA / TODOS,01-01-2016,2016
25 - 29,3560,3809,7369,1174,2020,3194,4734,5829,10563,SALAMANCA / TODOS,01-01-2016,2016
30 - 34,4160,4613,8773,1212,1658,2870,5372,6271,11643,SALAMANCA / TODOS,01-01-2016,2016
35 - 39,4441,4701,9142,904,1128,2032,5345,5829,11174,SALAMANCA / TODOS,01-01-2016,2016
40 - 44,4125,4674,8799,654,815,1469,4779,5489,10268,SALAMANCA / TODOS,01-01-2016,2016
45 - 49,4017,4677,8694,455,650,1105,4472,5327,9799,SALAMANCA / TODOS,01-01-2016,2016
50 - 54,4207,5081,9288,384,562,946,4591,5643,10234,SALAMANCA / TODOS,01-01-2016,2016
55 - 59,3965,5123,9088,261,430,691,4226,5553,9779,SALAMANCA / TODOS,01-01-2016,2016
60 - 64,3490,4713,8203,154,301,455,3644,5014,8658,SALAMANCA / TODOS,01-01-2016,2016
65 - 69,3207,4632,7839,126,210,336,3333,4842,8175,SALAMANCA / TODOS,01-01-2016,2016
70 - 74,2840,4143,6983,97,110,207,2937,4253,7190,SALAMANCA / TODOS,01-01-2016,2016
75 - 79,2023,3699,5722,69,70,139,2092,3769,5861,SALAMANCA / TODOS,01-01-2016,2016
80 - 84,2034,3822,5856,41,32,73,2075,3854,5929,SALAMANCA / TODOS,01-01-2016,2016
85 - 89,1353,3031,4384,23,28,51,1376,3059,4435,SALAMANCA / TODOS,01-01-2016,2016
90 - 94,560,1700,2260,9,20,29,569,1720,2289,SALAMANCA / TODOS,01-01-2016,2016
95 - 99,123,479,602,2,5,7,125,484,609,SALAMANCA / TODOS,01-01-2016,2016
100 o más,26,122,148,1,4,5,27,126,153,SALAMANCA / TODOS,01-01-2016,2016
Total,59086,71373,130459,5051,7559,12610,64137,78932,143069,CHAMARTIN / TODOS,01-01-2016,2016
0 - 4,3054,3004,6058,254,206,460,3308,3210,6518,CHAMARTIN / TODOS,01-01-2016,2016
5 - 9,2948,2882,5830,154,163,317,3102,3045,6147,CHAMARTIN / TODOS,01-01-2016,2016
10 - 14,2656,2657,5313,136,155,291,2792,2812,5604,CHAMARTIN / TODOS,01-01-2016,2016
15 - 19,2614,2520,5134,164,192,356,2778,2712,5490,CHAMARTIN / TODOS,01-01-2016,2016
20 - 24,2973,2870,5843,285,472,757,3258,3342,6600,CHAMARTIN / TODOS,01-01-2016,2016
25 - 29,3497,3488,6985,628,1110,1738,4125,4598,8723,CHAMARTIN / TODOS,01-01-2016,2016
30 - 34,4271,4356,8627,766,1183,1949,5037,5539,10576,CHAMARTIN / TODOS,01-01-2016,2016
35 - 39,4578,4791,9369,711,1003,1714,5289,5794,11083,CHAMARTIN / TODOS,01-01-2016,2016
40 - 44,4462,5010,9472,535,740,1275,4997,5750,10747,CHAMARTIN / TODOS,01-01-2016,2016
45 - 49,4185,4750,8935,426,663,1089,4611,5413,10024,CHAMARTIN / TODOS,01-01-2016,2016
50 - 54,4284,5206,9490,313,542,855,4597,5748,10345,CHAMARTIN / TODOS,01-01-2016,2016
55 - 59,3928,5016,8944,207,389,596,4135,5405,9540,CHAMARTIN / TODOS,01-01-2016,2016
60 - 64,3510,4606,8116,143,246,389,3653,4852,8505,CHAMARTIN / TODOS,01-01-2016,2016
65 - 69,3253,4511,7764,90,163,253,3343,4674,8017,CHAMARTIN / TODOS,01-01-2016,2016
70 - 74,2796,4152,6948,84,121,205,2880,4273,7153,CHAMARTIN / TODOS,01-01-2016,2016
75 - 79,2182,3520,5702,65,76,141,2247,3596,5843,CHAMARTIN / TODOS,01-01-2016,2016
80 - 84,1938,3449,5387,49,58,107,1987,3507,5494,CHAMARTIN / TODOS,01-01-2016,2016
85 - 89,1258,2683,3941,26,38,64,1284,2721,4005,CHAMARTIN / TODOS,01-01-2016,2016
90 - 94,580,1428,2008,9,28,37,589,1456,2045,CHAMARTIN / TODOS,01-01-2016,2016
95 - 99,104,399,503,5,9,14,109,408,517,CHAMARTIN / TODOS,01-01-2016,2016
100 o más,15,75,90,1,2,3,16,77,93,CHAMARTIN / TODOS,01-01-2016,2016
Total,57919,69057,126976,11516,14584,26100,69435,83641,153076,TETUAN / TODOS,01-01-2016,2016
0 - 4,2579,2425,5004,588,577,1165,3167,3002,6169,TETUAN / TODOS,01-01-2016,2016
5 - 9,2588,2454,5042,403,342,745,2991,2796,5787,TETUAN / TODOS,01-01-2016,2016
10 - 14,2348,2296,4644,384,377,761,2732,2673,5405,TETUAN / TODOS,01-01-2016,2016
15 - 19,2332,2197,4529,508,518,1026,2840,2715,5555,TETUAN / TODOS,01-01-2016,2016
20 - 24,2660,2526,5186,868,1216,2084,3528,3742,7270,TETUAN / TODOS,01-01-2016,2016
25 - 29,3797,3875,7672,1380,2155,3535,5177,6030,11207,TETUAN / TODOS,01-01-2016,2016
30 - 34,4959,4856,9815,1781,2550,4331,6740,7406,14146,TETUAN / TODOS,01-01-2016,2016
35 - 39,4921,4955,9876,1687,1975,3662,6608,6930,13538,TETUAN / TODOS,01-01-2016,2016
40 - 44,4721,5100,9821,1328,1448,2776,6049,6548,12597,TETUAN / TODOS,01-01-2016,2016
45 - 49,4492,4957,9449,996,1143,2139,5488,6100,11588,TETUAN / TODOS,01-01-2016,2016
50 - 54,4285,5301,9586,655,821,1476,4940,6122,11062,TETUAN / TODOS,01-01-2016,2016
55 - 59,3973,4995,8968,416,599,1015,4389,5594,9983,TETUAN / TODOS,01-01-2016,2016
60 - 64,3127,4174,7301,240,380,620,3367,4554,7921,TETUAN / TODOS,01-01-2016,2016
65 - 69,2787,3897,6684,132,197,329,2919,4094,7013,TETUAN / TODOS,01-01-2016,2016
70 - 74,2371,3561,5932,64,130,194,2435,3691,6126,TETUAN / TODOS,01-01-2016,2016
75 - 79,1993,3246,5239,42,83,125,2035,3329,5364,TETUAN / TODOS,01-01-2016,2016
80 - 84,1990,3642,5632,24,42,66,2014,3684,5698,TETUAN / TODOS,01-01-2016,2016
85 - 89,1349,2860,4209,15,22,37,1364,2882,4246,TETUAN / TODOS,01-01-2016,2016
90 - 94,548,1364,1912,4,6,10,552,1370,1922,TETUAN / TODOS,01-01-2016,2016
95 - 99,90,326,416,1,3,4,91,329,420,TETUAN / TODOS,01-01-2016,2016
100 o más,9,50,59,0,0,0,9,50,59,TETUAN / TODOS,01-01-2016,2016
Total,54166,69481,123647,6148,8258,14406,60314,77739,138053,CHAMBERI / TODOS,01-01-2016,2016
0 - 4,2335,2286,4621,239,231,470,2574,2517,5091,CHAMBERI / TODOS,01-01-2016,2016
5 - 9,2160,2115,4275,169,169,338,2329,2284,4613,CHAMBERI / TODOS,01-01-2016,2016
10 - 14,2082,2096,4178,158,160,318,2240,2256,4496,CHAMBERI / TODOS,01-01-2016,2016
15 - 19,2155,2101,4256,175,209,384,2330,2310,4640,CHAMBERI / TODOS,01-01-2016,2016
20 - 24,2523,2488,5011,541,865,1406,3064,3353,6417,CHAMBERI / TODOS,01-01-2016,2016
25 - 29,3646,4024,7670,916,1389,2305,4562,5413,9975,CHAMBERI / TODOS,01-01-2016,2016
30 - 34,4470,4943,9413,1039,1409,2448,5509,6352,11861,CHAMBERI / TODOS,01-01-2016,2016
35 - 39,4436,4689,9125,852,983,1835,5288,5672,10960,CHAMBERI / TODOS,01-01-2016,2016
40 - 44,4134,4547,8681,629,756,1385,4763,5303,10066,CHAMBERI / TODOS,01-01-2016,2016
45 - 49,3712,4305,8017,461,596,1057,4173,4901,9074,CHAMBERI / TODOS,01-01-2016,2016
50 - 54,3818,4816,8634,352,470,822,4170,5286,9456,CHAMBERI / TODOS,01-01-2016,2016
55 - 59,3726,4873,8599,229,394,623,3955,5267,9222,CHAMBERI / TODOS,01-01-2016,2016
60 - 64,3390,4834,8224,156,270,426,3546,5104,8650,CHAMBERI / TODOS,01-01-2016,2016
65 - 69,3224,4497,7721,84,146,230,3308,4643,7951,CHAMBERI / TODOS,01-01-2016,2016
70 - 74,2677,4206,6883,67,87,154,2744,4293,7037,CHAMBERI / TODOS,01-01-2016,2016
75 - 79,1934,3438,5372,35,47,82,1969,3485,5454,CHAMBERI / TODOS,01-01-2016,2016
80 - 84,1797,3702,5499,23,43,66,1820,3745,5565,CHAMBERI / TODOS,01-01-2016,2016
85 - 89,1265,3086,4351,13,20,33,1278,3106,4384,CHAMBERI / TODOS,01-01-2016,2016
90 - 94,545,1756,2301,6,9,15,551,1765,2316,CHAMBERI / TODOS,01-01-2016,2016
95 - 99,120,537,657,2,3,5,122,540,662,CHAMBERI / TODOS,01-01-2016,2016
100 o más,17,142,159,2,2,4,19,144,163,CHAMBERI / TODOS,01-01-2016,2016
Total,103710,115308,219018,7376,9665,17041,111086,124973,236059,FUENCARRAL-EL PARDO / TODOS,01-01-2016,2016
0 - 4,6972,6567,13539,476,434,910,7448,7001,14449,FUENCARRAL-EL PARDO / TODOS,01-01-2016,2016
5 - 9,6736,6351,13087,340,342,682,7076,6693,13769,FUENCARRAL-EL PARDO / TODOS,01-01-2016,2016
10 - 14,5203,5025,10228,316,298,614,5519,5323,10842,FUENCARRAL-EL PARDO / TODOS,01-01-2016,2016
15 - 19,4475,4365,8840,315,357,672,4790,4722,9512,FUENCARRAL-EL PARDO / TODOS,01-01-2016,2016
20 - 24,4585,4504,9089,475,647,1122,5060,5151,10211,FUENCARRAL-EL PARDO / TODOS,01-01-2016,2016
25 - 29,5411,5104,10515,683,1109,1792,6094,6213,12307,FUENCARRAL-EL PARDO / TODOS,01-01-2016,2016
30 - 34,6597,6783,13380,1032,1585,2617,7629,8368,15997,FUENCARRAL-EL PARDO / TODOS,01-01-2016,2016
35 - 39,8814,9381,18195,1123,1463,2586,9937,10844,20781,FUENCARRAL-EL PARDO / TODOS,01-01-2016,2016
40 - 44,9339,9682,19021,904,991,1895,10243,10673,20916,FUENCARRAL-EL PARDO / TODOS,01-01-2016,2016
45 - 49,7352,7744,15096,584,735,1319,7936,8479,16415,FUENCARRAL-EL PARDO / TODOS,01-01-2016,2016
50 - 54,6733,7661,14394,413,556,969,7146,8217,15363,FUENCARRAL-EL PARDO / TODOS,01-01-2016,2016
55 - 59,6001,7332,13333,271,387,658,6272,7719,13991,FUENCARRAL-EL PARDO / TODOS,01-01-2016,2016
60 - 64,5405,7079,12484,166,310,476,5571,7389,12960,FUENCARRAL-EL PARDO / TODOS,01-01-2016,2016
65 - 69,5964,7600,13564,95,182,277,6059,7782,13841,FUENCARRAL-EL PARDO / TODOS,01-01-2016,2016
70 - 74,5329,6338,11667,72,115,187,5401,6453,11854,FUENCARRAL-EL PARDO / TODOS,01-01-2016,2016
75 - 79,3809,4903,8712,60,77,137,3869,4980,8849,FUENCARRAL-EL PARDO / TODOS,01-01-2016,2016
80 - 84,2788,4208,6996,30,44,74,2818,4252,7070,FUENCARRAL-EL PARDO / TODOS,01-01-2016,2016
85 - 89,1548,2836,4384,15,21,36,1563,2857,4420,FUENCARRAL-EL PARDO / TODOS,01-01-2016,2016
90 - 94,541,1400,1941,5,11,16,546,1411,1957,FUENCARRAL-EL PARDO / TODOS,01-01-2016,2016
95 - 99,92,374,466,0,1,1,92,375,467,FUENCARRAL-EL PARDO / TODOS,01-01-2016,2016
100 o más,16,71,87,1,0,1,17,71,88,FUENCARRAL-EL PARDO / TODOS,01-01-2016,2016
Total,48903,56502,105405,4837,6793,11630,53740,63295,117035,MONCLOA-ARAVACA / TODOS,01-01-2016,2016
0 - 4,2316,2250,4566,224,195,419,2540,2445,4985,MONCLOA-ARAVACA / TODOS,01-01-2016,2016
5 - 9,2608,2463,5071,188,180,368,2796,2643,5439,MONCLOA-ARAVACA / TODOS,01-01-2016,2016
10 - 14,2826,2685,5511,162,134,296,2988,2819,5807,MONCLOA-ARAVACA / TODOS,01-01-2016,2016
15 - 19,2475,2570,5045,186,245,431,2661,2815,5476,MONCLOA-ARAVACA / TODOS,01-01-2016,2016
20 - 24,2480,2432,4912,488,789,1277,2968,3221,6189,MONCLOA-ARAVACA / TODOS,01-01-2016,2016
25 - 29,2606,2627,5233,627,998,1625,3233,3625,6858,MONCLOA-ARAVACA / TODOS,01-01-2016,2016
30 - 34,3013,2988,6001,670,979,1649,3683,3967,7650,MONCLOA-ARAVACA / TODOS,01-01-2016,2016
35 - 39,3341,3483,6824,614,852,1466,3955,4335,8290,MONCLOA-ARAVACA / TODOS,01-01-2016,2016
40 - 44,3608,3878,7486,487,647,1134,4095,4525,8620,MONCLOA-ARAVACA / TODOS,01-01-2016,2016
45 - 49,3718,4136,7854,418,584,1002,4136,4720,8856,MONCLOA-ARAVACA / TODOS,01-01-2016,2016
50 - 54,3892,4319,8211,278,427,705,4170,4746,8916,MONCLOA-ARAVACA / TODOS,01-01-2016,2016
55 - 59,3469,3976,7445,201,300,501,3670,4276,7946,MONCLOA-ARAVACA / TODOS,01-01-2016,2016
60 - 64,2891,3615,6506,115,186,301,3006,3801,6807,MONCLOA-ARAVACA / TODOS,01-01-2016,2016
65 - 69,2732,3582,6314,69,116,185,2801,3698,6499,MONCLOA-ARAVACA / TODOS,01-01-2016,2016
70 - 74,2300,2999,5299,46,65,111,2346,3064,5410,MONCLOA-ARAVACA / TODOS,01-01-2016,2016
75 - 79,1707,2593,4300,32,45,77,1739,2638,4377,MONCLOA-ARAVACA / TODOS,01-01-2016,2016
80 - 84,1548,2609,4157,17,26,43,1565,2635,4200,MONCLOA-ARAVACA / TODOS,01-01-2016,2016
85 - 89,935,1924,2859,13,15,28,948,1939,2887,MONCLOA-ARAVACA / TODOS,01-01-2016,2016
90 - 94,346,1011,1357,2,7,9,348,1018,1366,MONCLOA-ARAVACA / TODOS,01-01-2016,2016
95 - 99,79,304,383,0,1,1,79,305,384,MONCLOA-ARAVACA / TODOS,01-01-2016,2016
100 o más,13,58,71,0,2,2,13,60,73,MONCLOA-ARAVACA / TODOS,01-01-2016,2016
Total,94623,108810,203433,14566,16684,31250,109189,125494,234683,LATINA / TODOS,01-01-2016,2016
0 - 4,3662,3622,7284,841,788,1629,4503,4410,8913,LATINA / TODOS,01-01-2016,2016
5 - 9,4274,4060,8334,584,536,1120,4858,4596,9454,LATINA / TODOS,01-01-2016,2016
10 - 14,4179,4039,8218,532,506,1038,4711,4545,9256,LATINA / TODOS,01-01-2016,2016
15 - 19,4023,3806,7829,742,728,1470,4765,4534,9299,LATINA / TODOS,01-01-2016,2016
20 - 24,4214,4168,8382,1142,1514,2656,5356,5682,11038,LATINA / TODOS,01-01-2016,2016
25 - 29,4731,4609,9340,1523,2177,3700,6254,6786,13040,LATINA / TODOS,01-01-2016,2016
30 - 34,5514,5404,10918,2105,2517,4622,7619,7921,15540,LATINA / TODOS,01-01-2016,2016
35 - 39,6774,6831,13605,2063,2121,4184,8837,8952,17789,LATINA / TODOS,01-01-2016,2016
40 - 44,7552,7846,15398,1769,1678,3447,9321,9524,18845,LATINA / TODOS,01-01-2016,2016
45 - 49,7703,8081,15784,1275,1384,2659,8978,9465,18443,LATINA / TODOS,01-01-2016,2016
50 - 54,7101,8022,15123,839,1020,1859,7940,9042,16982,LATINA / TODOS,01-01-2016,2016
55 - 59,6189,7076,13265,560,825,1385,6749,7901,14650,LATINA / TODOS,01-01-2016,2016
60 - 64,4973,6032,11005,312,404,716,5285,6436,11721,LATINA / TODOS,01-01-2016,2016
65 - 69,4909,7245,12154,147,217,364,5056,7462,12518,LATINA / TODOS,01-01-2016,2016
70 - 74,5820,8467,14287,64,114,178,5884,8581,14465,LATINA / TODOS,01-01-2016,2016
75 - 79,5618,7224,12842,38,78,116,5656,7302,12958,LATINA / TODOS,01-01-2016,2016
80 - 84,4265,6138,10403,18,54,72,4283,6192,10475,LATINA / TODOS,01-01-2016,2016
85 - 89,2201,3923,6124,10,15,25,2211,3938,6149,LATINA / TODOS,01-01-2016,2016
90 - 94,752,1701,2453,2,5,7,754,1706,2460,LATINA / TODOS,01-01-2016,2016
95 - 99,141,446,587,0,2,2,141,448,589,LATINA / TODOS,01-01-2016,2016
100 o más,28,70,98,0,1,1,28,71,99,LATINA / TODOS,01-01-2016,2016
Total,94332,109346,203678,18765,20300,39065,113097,129646,242743,CARABANCHEL / TODOS,01-01-2016,2016
0 - 4,4683,4427,9110,1108,1071,2179,5791,5498,11289,CARABANCHEL / TODOS,01-01-2016,2016
5 - 9,5648,5310,10958,770,765,1535,6418,6075,12493,CARABANCHEL / TODOS,01-01-2016,2016
10 - 14,4842,4671,9513,706,672,1378,5548,5343,10891,CARABANCHEL / TODOS,01-01-2016,2016
15 - 19,4230,4165,8395,966,905,1871,5196,5070,10266,CARABANCHEL / TODOS,01-01-2016,2016
20 - 24,4525,4405,8930,1332,1565,2897,5857,5970,11827,CARABANCHEL / TODOS,01-01-2016,2016
25 - 29,4650,4615,9265,1983,2483,4466,6633,7098,13731,CARABANCHEL / TODOS,01-01-2016,2016
30 - 34,5150,5655,10805,2627,2988,5615,7777,8643,16420,CARABANCHEL / TODOS,01-01-2016,2016
35 - 39,7137,8021,15158,2859,2800,5659,9996,10821,20817,CARABANCHEL / TODOS,01-01-2016,2016
40 - 44,8774,9227,18001,2222,2165,4387,10996,11392,22388,CARABANCHEL / TODOS,01-01-2016,2016
45 - 49,8127,8660,16787,1746,1749,3495,9873,10409,20282,CARABANCHEL / TODOS,01-01-2016,2016
50 - 54,7233,8101,15334,1044,1255,2299,8277,9356,17633,CARABANCHEL / TODOS,01-01-2016,2016
55 - 59,6038,6907,12945,711,856,1567,6749,7763,14512,CARABANCHEL / TODOS,01-01-2016,2016
60 - 64,4591,5797,10388,389,486,875,4980,6283,11263,CARABANCHEL / TODOS,01-01-2016,2016
65 - 69,4492,5914,10406,152,269,421,4644,6183,10827,CARABANCHEL / TODOS,01-01-2016,2016
70 - 74,4102,5955,10057,69,115,184,4171,6070,10241,CARABANCHEL / TODOS,01-01-2016,2016
75 - 79,3827,5781,9608,41,84,125,3868,5865,9733,CARABANCHEL / TODOS,01-01-2016,2016
80 - 84,3515,5731,9246,21,37,58,3536,5768,9304,CARABANCHEL / TODOS,01-01-2016,2016
85 - 89,1960,3817,5777,12,23,35,1972,3840,5812,CARABANCHEL / TODOS,01-01-2016,2016
90 - 94,682,1710,2392,5,10,15,687,1720,2407,CARABANCHEL / TODOS,01-01-2016,2016
95 - 99,111,408,519,2,1,3,113,409,522,CARABANCHEL / TODOS,01-01-2016,2016
100 o más,15,69,84,0,1,1,15,70,85,CARABANCHEL / TODOS,01-01-2016,2016
Total,51202,58523,109725,12143,12532,24675,63345,71055,134400,USERA / TODOS,01-01-2016,2016
0 - 4,2487,2386,4873,788,748,1536,3275,3134,6409,USERA / TODOS,01-01-2016,2016
5 - 9,3230,3114,6344,498,471,969,3728,3585,7313,USERA / TODOS,01-01-2016,2016
10 - 14,3029,2834,5863,481,431,912,3510,3265,6775,USERA / TODOS,01-01-2016,2016
15 - 19,2660,2532,5192,667,613,1280,3327,3145,6472,USERA / TODOS,01-01-2016,2016
20 - 24,2593,2487,5080,886,953,1839,3479,3440,6919,USERA / TODOS,01-01-2016,2016
25 - 29,2516,2549,5065,1164,1527,2691,3680,4076,7756,USERA / TODOS,01-01-2016,2016
30 - 34,2733,2958,5691,1643,1779,3422,4376,4737,9113,USERA / TODOS,01-01-2016,2016
35 - 39,3733,4184,7917,1770,1700,3470,5503,5884,11387,USERA / TODOS,01-01-2016,2016
40 - 44,4618,4903,9521,1530,1447,2977,6148,6350,12498,USERA / TODOS,01-01-2016,2016
45 - 49,4515,4724,9239,1203,1087,2290,5718,5811,11529,USERA / TODOS,01-01-2016,2016
50 - 54,4035,4539,8574,727,766,1493,4762,5305,10067,USERA / TODOS,01-01-2016,2016
55 - 59,3447,3726,7173,405,456,861,3852,4182,8034,USERA / TODOS,01-01-2016,2016
60 - 64,2485,2954,5439,196,250,446,2681,3204,5885,USERA / TODOS,01-01-2016,2016
65 - 69,2186,2813,4999,89,138,227,2275,2951,5226,USERA / TODOS,01-01-2016,2016
70 - 74,1855,2587,4442,38,67,105,1893,2654,4547,USERA / TODOS,01-01-2016,2016
75 - 79,1726,2860,4586,37,54,91,1763,2914,4677,USERA / TODOS,01-01-2016,2016
80 - 84,1877,3182,5059,11,28,39,1888,3210,5098,USERA / TODOS,01-01-2016,2016
85 - 89,1059,2087,3146,7,13,20,1066,2100,3166,USERA / TODOS,01-01-2016,2016
90 - 94,356,878,1234,2,4,6,358,882,1240,USERA / TODOS,01-01-2016,2016
95 - 99,56,193,249,0,0,0,56,193,249,USERA / TODOS,01-01-2016,2016
100 o más,6,33,39,1,0,1,7,33,40,USERA / TODOS,01-01-2016,2016
Total,91815,102705,194520,16263,17069,33332,108078,119774,227852,PUENTE DE VALLECAS / TODOS,01-01-2016,2016
0 - 4,3930,3745,7675,1060,1018,2078,4990,4763,9753,PUENTE DE VALLECAS / TODOS,01-01-2016,2016
5 - 9,4760,4346,9106,718,687,1405,5478,5033,10511,PUENTE DE VALLECAS / TODOS,01-01-2016,2016
10 - 14,4657,4402,9059,648,615,1263,5305,5017,10322,PUENTE DE VALLECAS / TODOS,01-01-2016,2016
15 - 19,4853,4632,9485,835,847,1682,5688,5479,11167,PUENTE DE VALLECAS / TODOS,01-01-2016,2016
20 - 24,5233,5001,10234,1205,1339,2544,6438,6340,12778,PUENTE DE VALLECAS / TODOS,01-01-2016,2016
25 - 29,5460,5144,10604,1662,2108,3770,7122,7252,14374,PUENTE DE VALLECAS / TODOS,01-01-2016,2016
30 - 34,5613,5546,11159,2274,2498,4772,7887,8044,15931,PUENTE DE VALLECAS / TODOS,01-01-2016,2016
35 - 39,6377,6640,13017,2428,2275,4703,8805,8915,17720,PUENTE DE VALLECAS / TODOS,01-01-2016,2016
40 - 44,6981,7208,14189,2023,1871,3894,9004,9079,18083,PUENTE DE VALLECAS / TODOS,01-01-2016,2016
45 - 49,7632,8340,15972,1445,1376,2821,9077,9716,18793,PUENTE DE VALLECAS / TODOS,01-01-2016,2016
50 - 54,8014,8983,16997,879,971,1850,8893,9954,18847,PUENTE DE VALLECAS / TODOS,01-01-2016,2016
55 - 59,7079,7742,14821,559,656,1215,7638,8398,16036,PUENTE DE VALLECAS / TODOS,01-01-2016,2016
60 - 64,4840,5470,10310,267,371,638,5107,5841,10948,PUENTE DE VALLECAS / TODOS,01-01-2016,2016
65 - 69,4008,4968,8976,110,211,321,4118,5179,9297,PUENTE DE VALLECAS / TODOS,01-01-2016,2016
70 - 74,3403,4608,8011,83,106,189,3486,4714,8200,PUENTE DE VALLECAS / TODOS,01-01-2016,2016
75 - 79,3258,5202,8460,34,60,94,3292,5262,8554,PUENTE DE VALLECAS / TODOS,01-01-2016,2016
80 - 84,3156,5328,8484,22,45,67,3178,5373,8551,PUENTE DE VALLECAS / TODOS,01-01-2016,2016
85 - 89,1865,3634,5499,9,14,23,1874,3648,5522,PUENTE DE VALLECAS / TODOS,01-01-2016,2016
90 - 94,598,1427,2025,2,0,2,600,1427,2027,PUENTE DE VALLECAS / TODOS,01-01-2016,2016
95 - 99,89,290,379,0,0,0,89,290,379,PUENTE DE VALLECAS / TODOS,01-01-2016,2016
100 o más,9,49,58,0,1,1,9,50,59,PUENTE DE VALLECAS / TODOS,01-01-2016,2016
Total,40232,47213,87445,3435,3995,7430,43667,51208,94875,MORATALAZ / TODOS,01-01-2016,2016
0 - 4,1465,1419,2884,173,166,339,1638,1585,3223,MORATALAZ / TODOS,01-01-2016,2016
5 - 9,1770,1649,3419,139,121,260,1909,1770,3679,MORATALAZ / TODOS,01-01-2016,2016
10 - 14,1892,1898,3790,122,118,240,2014,2016,4030,MORATALAZ / TODOS,01-01-2016,2016
15 - 19,2094,2035,4129,307,180,487,2401,2215,4616,MORATALAZ / TODOS,01-01-2016,2016
20 - 24,2247,2131,4378,301,343,644,2548,2474,5022,MORATALAZ / TODOS,01-01-2016,2016
25 - 29,2028,1981,4009,349,481,830,2377,2462,4839,MORATALAZ / TODOS,01-01-2016,2016
30 - 34,2207,2079,4286,449,575,1024,2656,2654,5310,MORATALAZ / TODOS,01-01-2016,2016
35 - 39,2350,2449,4799,473,533,1006,2823,2982,5805,MORATALAZ / TODOS,01-01-2016,2016
40 - 44,2771,3069,5840,378,402,780,3149,3471,6620,MORATALAZ / TODOS,01-01-2016,2016
45 - 49,3308,3729,7037,268,331,599,3576,4060,7636,MORATALAZ / TODOS,01-01-2016,2016
50 - 54,3467,3954,7421,187,240,427,3654,4194,7848,MORATALAZ / TODOS,01-01-2016,2016
55 - 59,2915,3363,6278,123,215,338,3038,3578,6616,MORATALAZ / TODOS,01-01-2016,2016
60 - 64,2180,2752,4932,66,117,183,2246,2869,5115,MORATALAZ / TODOS,01-01-2016,2016
65 - 69,1999,2826,4825,33,64,97,2032,2890,4922,MORATALAZ / TODOS,01-01-2016,2016
70 - 74,2215,3162,5377,30,47,77,2245,3209,5454,MORATALAZ / TODOS,01-01-2016,2016
75 - 79,2083,3258,5341,20,25,45,2103,3283,5386,MORATALAZ / TODOS,01-01-2016,2016
80 - 84,1988,2898,4886,5,26,31,1993,2924,4917,MORATALAZ / TODOS,01-01-2016,2016
85 - 89,944,1723,2667,9,8,17,953,1731,2684,MORATALAZ / TODOS,01-01-2016,2016
90 - 94,259,635,894,3,3,6,262,638,900,MORATALAZ / TODOS,01-01-2016,2016
95 - 99,46,171,217,0,0,0,46,171,217,MORATALAZ / TODOS,01-01-2016,2016
100 o más,4,32,36,0,0,0,4,32,36,MORATALAZ / TODOS,01-01-2016,2016
Total,84957,101883,186840,11839,14369,26208,96796,116252,213048,CIUDAD LINEAL / TODOS,01-01-2016,2016
0 - 4,3592,3407,6999,673,619,1292,4265,4026,8291,CIUDAD LINEAL / TODOS,01-01-2016,2016
5 - 9,4057,3862,7919,406,449,855,4463,4311,8774,CIUDAD LINEAL / TODOS,01-01-2016,2016
10 - 14,4210,3997,8207,430,433,863,4640,4430,9070,CIUDAD LINEAL / TODOS,01-01-2016,2016
15 - 19,4106,3866,7972,629,571,1200,4735,4437,9172,CIUDAD LINEAL / TODOS,01-01-2016,2016
20 - 24,4232,4122,8354,781,1036,1817,5013,5158,10171,CIUDAD LINEAL / TODOS,01-01-2016,2016
25 - 29,4603,4484,9087,1177,1825,3002,5780,6309,12089,CIUDAD LINEAL / TODOS,01-01-2016,2016
30 - 34,5106,5265,10371,1719,2276,3995,6825,7541,14366,CIUDAD LINEAL / TODOS,01-01-2016,2016
35 - 39,5993,6188,12181,1836,1969,3805,7829,8157,15986,CIUDAD LINEAL / TODOS,01-01-2016,2016
40 - 44,6387,7042,13429,1382,1521,2903,7769,8563,16332,CIUDAD LINEAL / TODOS,01-01-2016,2016
45 - 49,6537,7724,14261,1052,1203,2255,7589,8927,16516,CIUDAD LINEAL / TODOS,01-01-2016,2016
50 - 54,6703,8289,14992,691,926,1617,7394,9215,16609,CIUDAD LINEAL / TODOS,01-01-2016,2016
55 - 59,6011,7486,13497,470,648,1118,6481,8134,14615,CIUDAD LINEAL / TODOS,01-01-2016,2016
60 - 64,4722,6145,10867,241,362,603,4963,6507,11470,CIUDAD LINEAL / TODOS,01-01-2016,2016
65 - 69,4518,6125,10643,162,228,390,4680,6353,11033,CIUDAD LINEAL / TODOS,01-01-2016,2016
70 - 74,4126,5967,10093,81,139,220,4207,6106,10313,CIUDAD LINEAL / TODOS,01-01-2016,2016
75 - 79,3542,5798,9340,61,75,136,3603,5873,9476,CIUDAD LINEAL / TODOS,01-01-2016,2016
80 - 84,3564,5882,9446,25,48,73,3589,5930,9519,CIUDAD LINEAL / TODOS,01-01-2016,2016
85 - 89,2100,3994,6094,18,21,39,2118,4015,6133,CIUDAD LINEAL / TODOS,01-01-2016,2016
90 - 94,732,1747,2479,3,17,20,735,1764,2499,CIUDAD LINEAL / TODOS,01-01-2016,2016
95 - 99,102,412,514,2,1,3,104,413,517,CIUDAD LINEAL / TODOS,01-01-2016,2016
100 o más,14,81,95,0,2,2,14,83,97,CIUDAD LINEAL / TODOS,01-01-2016,2016
Total,77631,84963,162594,6930,8606,15536,84561,93569,178130,HORTALEZA / TODOS,01-01-2016,2016
0 - 4,4594,4347,8941,459,417,876,5053,4764,9817,HORTALEZA / TODOS,01-01-2016,2016
5 - 9,4933,4591,9524,407,365,772,5340,4956,10296,HORTALEZA / TODOS,01-01-2016,2016
10 - 14,4286,4167,8453,390,384,774,4676,4551,9227,HORTALEZA / TODOS,01-01-2016,2016
15 - 19,3891,3649,7540,364,354,718,4255,4003,8258,HORTALEZA / TODOS,01-01-2016,2016
20 - 24,3679,3537,7216,358,407,765,4037,3944,7981,HORTALEZA / TODOS,01-01-2016,2016
25 - 29,3795,3689,7484,553,881,1434,4348,4570,8918,HORTALEZA / TODOS,01-01-2016,2016
30 - 34,4812,4909,9721,823,1191,2014,5635,6100,11735,HORTALEZA / TODOS,01-01-2016,2016
35 - 39,6350,6667,13017,956,1270,2226,7306,7937,15243,HORTALEZA / TODOS,01-01-2016,2016
40 - 44,6898,7241,14139,879,973,1852,7777,8214,15991,HORTALEZA / TODOS,01-01-2016,2016
45 - 49,6078,6637,12715,659,780,1439,6737,7417,14154,HORTALEZA / TODOS,01-01-2016,2016
50 - 54,5864,6529,12393,422,520,942,6286,7049,13335,HORTALEZA / TODOS,01-01-2016,2016
55 - 59,5037,5400,10437,256,374,630,5293,5774,11067,HORTALEZA / TODOS,01-01-2016,2016
60 - 64,3836,4620,8456,162,263,425,3998,4883,8881,HORTALEZA / TODOS,01-01-2016,2016
65 - 69,3767,4902,8669,94,156,250,3861,5058,8919,HORTALEZA / TODOS,01-01-2016,2016
70 - 74,3642,4483,8125,55,111,166,3697,4594,8291,HORTALEZA / TODOS,01-01-2016,2016
75 - 79,2618,3430,6048,51,78,129,2669,3508,6177,HORTALEZA / TODOS,01-01-2016,2016
80 - 84,2065,3037,5102,20,44,64,2085,3081,5166,HORTALEZA / TODOS,01-01-2016,2016
85 - 89,1075,1956,3031,16,25,41,1091,1981,3072,HORTALEZA / TODOS,01-01-2016,2016
90 - 94,352,876,1228,5,11,16,357,887,1244,HORTALEZA / TODOS,01-01-2016,2016
95 - 99,50,248,298,0,1,1,50,249,299,HORTALEZA / TODOS,01-01-2016,2016
100 o más,9,48,57,1,1,2,10,49,59,HORTALEZA / TODOS,01-01-2016,2016
Total,56527,62083,118610,11647,11598,23245,68174,73681,141855,VILLAVERDE / TODOS,01-01-2016,2016
0 - 4,2832,2638,5470,804,789,1593,3636,3427,7063,VILLAVERDE / TODOS,01-01-2016,2016
5 - 9,3774,3486,7260,547,483,1030,4321,3969,8290,VILLAVERDE / TODOS,01-01-2016,2016
10 - 14,3311,3088,6399,409,408,817,3720,3496,7216,VILLAVERDE / TODOS,01-01-2016,2016
15 - 19,2805,2801,5606,522,547,1069,3327,3348,6675,VILLAVERDE / TODOS,01-01-2016,2016
20 - 24,2879,2810,5689,795,899,1694,3674,3709,7383,VILLAVERDE / TODOS,01-01-2016,2016
25 - 29,2793,2865,5658,1141,1363,2504,3934,4228,8162,VILLAVERDE / TODOS,01-01-2016,2016
30 - 34,3003,3103,6106,1527,1626,3153,4530,4729,9259,VILLAVERDE / TODOS,01-01-2016,2016
35 - 39,3885,4255,8140,1876,1485,3361,5761,5740,11501,VILLAVERDE / TODOS,01-01-2016,2016
40 - 44,5066,5200,10266,1428,1235,2663,6494,6435,12929,VILLAVERDE / TODOS,01-01-2016,2016
45 - 49,4919,5311,10230,1076,943,2019,5995,6254,12249,VILLAVERDE / TODOS,01-01-2016,2016
50 - 54,4749,4863,9612,729,692,1421,5478,5555,11033,VILLAVERDE / TODOS,01-01-2016,2016
55 - 59,3609,3801,7410,429,505,934,4038,4306,8344,VILLAVERDE / TODOS,01-01-2016,2016
60 - 64,2514,2861,5375,195,287,482,2709,3148,5857,VILLAVERDE / TODOS,01-01-2016,2016
65 - 69,2286,2946,5232,81,159,240,2367,3105,5472,VILLAVERDE / TODOS,01-01-2016,2016
70 - 74,2347,3179,5526,30,75,105,2377,3254,5631,VILLAVERDE / TODOS,01-01-2016,2016
75 - 79,2261,3261,5522,30,53,83,2291,3314,5605,VILLAVERDE / TODOS,01-01-2016,2016
80 - 84,2156,3094,5250,16,25,41,2172,3119,5291,VILLAVERDE / TODOS,01-01-2016,2016
85 - 89,1022,1747,2769,9,19,28,1031,1766,2797,VILLAVERDE / TODOS,01-01-2016,2016
90 - 94,272,627,899,3,2,5,275,629,904,VILLAVERDE / TODOS,01-01-2016,2016
95 - 99,39,132,171,0,3,3,39,135,174,VILLAVERDE / TODOS,01-01-2016,2016
100 o más,5,15,20,0,0,0,5,15,20,VILLAVERDE / TODOS,01-01-2016,2016
Total,44472,46902,91374,5245,5677,10922,49717,52579,102296,VILLA DE VALLECAS / TODOS,01-01-2016,2016
0 - 4,3486,3347,6833,358,375,733,3844,3722,7566,VILLA DE VALLECAS / TODOS,01-01-2016,2016
5 - 9,2967,2673,5640,295,284,579,3262,2957,6219,VILLA DE VALLECAS / TODOS,01-01-2016,2016
10 - 14,2283,2089,4372,259,218,477,2542,2307,4849,VILLA DE VALLECAS / TODOS,01-01-2016,2016
15 - 19,1962,1863,3825,268,254,522,2230,2117,4347,VILLA DE VALLECAS / TODOS,01-01-2016,2016
20 - 24,2072,1978,4050,283,348,631,2355,2326,4681,VILLA DE VALLECAS / TODOS,01-01-2016,2016
25 - 29,2570,2650,5220,535,700,1235,3105,3350,6455,VILLA DE VALLECAS / TODOS,01-01-2016,2016
30 - 34,3550,4004,7554,747,849,1596,4297,4853,9150,VILLA DE VALLECAS / TODOS,01-01-2016,2016
35 - 39,5355,5462,10817,837,783,1620,6192,6245,12437,VILLA DE VALLECAS / TODOS,01-01-2016,2016
40 - 44,4640,4392,9032,608,547,1155,5248,4939,10187,VILLA DE VALLECAS / TODOS,01-01-2016,2016
45 - 49,3268,3335,6603,430,478,908,3698,3813,7511,VILLA DE VALLECAS / TODOS,01-01-2016,2016
50 - 54,2914,3287,6201,250,291,541,3164,3578,6742,VILLA DE VALLECAS / TODOS,01-01-2016,2016
55 - 59,2482,2628,5110,167,238,405,2649,2866,5515,VILLA DE VALLECAS / TODOS,01-01-2016,2016
60 - 64,1814,2173,3987,109,139,248,1923,2312,4235,VILLA DE VALLECAS / TODOS,01-01-2016,2016
65 - 69,1735,1910,3645,49,63,112,1784,1973,3757,VILLA DE VALLECAS / TODOS,01-01-2016,2016
70 - 74,1174,1433,2607,21,55,76,1195,1488,2683,VILLA DE VALLECAS / TODOS,01-01-2016,2016
75 - 79,941,1320,2261,17,26,43,958,1346,2304,VILLA DE VALLECAS / TODOS,01-01-2016,2016
80 - 84,731,1189,1920,4,12,16,735,1201,1936,VILLA DE VALLECAS / TODOS,01-01-2016,2016
85 - 89,377,741,1118,6,11,17,383,752,1135,VILLA DE VALLECAS / TODOS,01-01-2016,2016
90 - 94,129,330,459,2,4,6,131,334,465,VILLA DE VALLECAS / TODOS,01-01-2016,2016
95 - 99,21,87,108,0,1,1,21,88,109,VILLA DE VALLECAS / TODOS,01-01-2016,2016
100 o más,1,11,12,0,1,1,1,12,13,VILLA DE VALLECAS / TODOS,01-01-2016,2016
Total,30151,31964,62115,3890,3953,7843,34041,35917,69958,VICALVARO / TODOS,01-01-2016,2016
0 - 4,1637,1587,3224,280,250,530,1917,1837,3754,VICALVARO / TODOS,01-01-2016,2016
5 - 9,2420,2271,4691,196,208,404,2616,2479,5095,VICALVARO / TODOS,01-01-2016,2016
10 - 14,1989,2037,4026,159,150,309,2148,2187,4335,VICALVARO / TODOS,01-01-2016,2016
15 - 19,1759,1583,3342,203,188,391,1962,1771,3733,VICALVARO / TODOS,01-01-2016,2016
20 - 24,1405,1354,2759,283,304,587,1688,1658,3346,VICALVARO / TODOS,01-01-2016,2016
25 - 29,1271,1200,2471,398,471,869,1669,1671,3340,VICALVARO / TODOS,01-01-2016,2016
30 - 34,1319,1395,2714,525,555,1080,1844,1950,3794,VICALVARO / TODOS,01-01-2016,2016
35 - 39,2105,2387,4492,542,529,1071,2647,2916,5563,VICALVARO / TODOS,01-01-2016,2016
40 - 44,3384,3571,6955,442,377,819,3826,3948,7774,VICALVARO / TODOS,01-01-2016,2016
45 - 49,3098,3240,6338,340,310,650,3438,3550,6988,VICALVARO / TODOS,01-01-2016,2016
50 - 54,2676,2628,5304,212,233,445,2888,2861,5749,VICALVARO / TODOS,01-01-2016,2016
55 - 59,1754,1808,3562,149,177,326,1903,1985,3888,VICALVARO / TODOS,01-01-2016,2016
60 - 64,1079,1175,2254,90,93,183,1169,1268,2437,VICALVARO / TODOS,01-01-2016,2016
65 - 69,917,1264,2181,32,37,69,949,1301,2250,VICALVARO / TODOS,01-01-2016,2016
70 - 74,1043,1398,2441,13,35,48,1056,1433,2489,VICALVARO / TODOS,01-01-2016,2016
75 - 79,1054,1292,2346,18,18,36,1072,1310,2382,VICALVARO / TODOS,01-01-2016,2016
80 - 84,777,975,1752,4,11,15,781,986,1767,VICALVARO / TODOS,01-01-2016,2016
85 - 89,350,547,897,4,4,8,354,551,905,VICALVARO / TODOS,01-01-2016,2016
90 - 94,93,197,290,0,2,2,93,199,292,VICALVARO / TODOS,01-01-2016,2016
95 - 99,19,43,62,0,1,1,19,44,63,VICALVARO / TODOS,01-01-2016,2016
100 o más,2,12,14,0,0,0,2,12,14,VICALVARO / TODOS,01-01-2016,2016
Total,65633,72961,138594,7162,8100,15262,72795,81061,153856,SAN BLAS-CANILLEJAS / TODOS,01-01-2016,2016
0 - 4,3025,2872,5897,446,387,833,3471,3259,6730,SAN BLAS-CANILLEJAS / TODOS,01-01-2016,2016
5 - 9,3896,3720,7616,297,356,653,4193,4076,8269,SAN BLAS-CANILLEJAS / TODOS,01-01-2016,2016
10 - 14,4257,4065,8322,264,312,576,4521,4377,8898,SAN BLAS-CANILLEJAS / TODOS,01-01-2016,2016
15 - 19,3469,3339,6808,345,354,699,3814,3693,7507,SAN BLAS-CANILLEJAS / TODOS,01-01-2016,2016
20 - 24,3252,3066,6318,421,531,952,3673,3597,7270,SAN BLAS-CANILLEJAS / TODOS,01-01-2016,2016
25 - 29,3249,3204,6453,694,1019,1713,3943,4223,8166,SAN BLAS-CANILLEJAS / TODOS,01-01-2016,2016
30 - 34,3542,3515,7057,1028,1221,2249,4570,4736,9306,SAN BLAS-CANILLEJAS / TODOS,01-01-2016,2016
35 - 39,4363,4707,9070,1138,1113,2251,5501,5820,11321,SAN BLAS-CANILLEJAS / TODOS,01-01-2016,2016
40 - 44,5529,6180,11709,877,846,1723,6406,7026,13432,SAN BLAS-CANILLEJAS / TODOS,01-01-2016,2016
45 - 49,6531,6874,13405,646,656,1302,7177,7530,14707,SAN BLAS-CANILLEJAS / TODOS,01-01-2016,2016
50 - 54,6005,6340,12345,424,452,876,6429,6792,13221,SAN BLAS-CANILLEJAS / TODOS,01-01-2016,2016
55 - 59,4757,5029,9786,271,325,596,5028,5354,10382,SAN BLAS-CANILLEJAS / TODOS,01-01-2016,2016
60 - 64,3139,3543,6682,140,247,387,3279,3790,7069,SAN BLAS-CANILLEJAS / TODOS,01-01-2016,2016
65 - 69,2667,3170,5837,91,142,233,2758,3312,6070,SAN BLAS-CANILLEJAS / TODOS,01-01-2016,2016
70 - 74,2155,2853,5008,39,72,111,2194,2925,5119,SAN BLAS-CANILLEJAS / TODOS,01-01-2016,2016
75 - 79,2007,3216,5223,25,32,57,2032,3248,5280,SAN BLAS-CANILLEJAS / TODOS,01-01-2016,2016
80 - 84,2129,3627,5756,12,22,34,2141,3649,5790,SAN BLAS-CANILLEJAS / TODOS,01-01-2016,2016
85 - 89,1246,2425,3671,3,11,14,1249,2436,3685,SAN BLAS-CANILLEJAS / TODOS,01-01-2016,2016
90 - 94,368,1012,1380,1,2,3,369,1014,1383,SAN BLAS-CANILLEJAS / TODOS,01-01-2016,2016
95 - 99,43,173,216,0,0,0,43,173,216,SAN BLAS-CANILLEJAS / TODOS,01-01-2016,2016
100 o más,4,31,35,0,0,0,4,31,35,SAN BLAS-CANILLEJAS / TODOS,01-01-2016,2016
Total,20738,21629,42367,1748,2258,4006,22486,23887,46373,BARAJAS / TODOS,01-01-2016,2016
0 - 4,1273,1148,2421,91,110,201,1364,1258,2622,BARAJAS / TODOS,01-01-2016,2016
5 - 9,1384,1269,2653,86,70,156,1470,1339,2809,BARAJAS / TODOS,01-01-2016,2016
10 - 14,1320,1158,2478,94,64,158,1414,1222,2636,BARAJAS / TODOS,01-01-2016,2016
15 - 19,978,915,1893,97,79,176,1075,994,2069,BARAJAS / TODOS,01-01-2016,2016
20 - 24,893,824,1717,85,121,206,978,945,1923,BARAJAS / TODOS,01-01-2016,2016
25 - 29,910,918,1828,147,217,364,1057,1135,2192,BARAJAS / TODOS,01-01-2016,2016
30 - 34,1363,1269,2632,202,357,559,1565,1626,3191,BARAJAS / TODOS,01-01-2016,2016
35 - 39,1744,1789,3533,261,339,600,2005,2128,4133,BARAJAS / TODOS,01-01-2016,2016
40 - 44,1990,2091,4081,242,277,519,2232,2368,4600,BARAJAS / TODOS,01-01-2016,2016
45 - 49,1759,1806,3565,178,191,369,1937,1997,3934,BARAJAS / TODOS,01-01-2016,2016
50 - 54,1503,1658,3161,96,128,224,1599,1786,3385,BARAJAS / TODOS,01-01-2016,2016
55 - 59,1215,1271,2486,67,97,164,1282,1368,2650,BARAJAS / TODOS,01-01-2016,2016
60 - 64,997,1229,2226,34,76,110,1031,1305,2336,BARAJAS / TODOS,01-01-2016,2016
65 - 69,1104,1351,2455,34,57,91,1138,1408,2546,BARAJAS / TODOS,01-01-2016,2016
70 - 74,942,1094,2036,13,32,45,955,1126,2081,BARAJAS / TODOS,01-01-2016,2016
75 - 79,665,680,1345,12,18,30,677,698,1375,BARAJAS / TODOS,01-01-2016,2016
80 - 84,408,547,955,7,11,18,415,558,973,BARAJAS / TODOS,01-01-2016,2016
85 - 89,189,358,547,1,8,9,190,366,556,BARAJAS / TODOS,01-01-2016,2016
90 - 94,86,194,280,1,3,4,87,197,284,BARAJAS / TODOS,01-01-2016,2016
95 - 99,14,51,65,0,2,2,14,53,67,BARAJAS / TODOS,01-01-2016,2016
100 o más,1,9,10,0,1,1,1,10,11,BARAJAS / TODOS,01-01-2016,2016
